123 0.24519230769230768 0.1452991452991453 0.10516826923076923 0.2745726495726496
160 0.23317307692307693 0.7350427350427351 0.10096153846153846 0.2724358974358974
121 0.39903846153846156 0.6923076923076923 0.0967548076923077 0.4775641025641026
166 0.43028846153846156 0.4658119658119658 0.17307692307692307 0.21367521367521367
136 0.4951923076923077 0.6965811965811965 0.08173076923076923 0.2467948717948718
162 0.5961538461538461 0.7307692307692307 0.08653846153846154 0.3002136752136752
124 0.7163461538461539 0.8205128205128205 0.14903846153846154 0.23824786324786323
161 0.4543269230769231 0.3418803418803419 0.08173076923076923 0.1014957264957265
68 0.5384615384615384 0.3162393162393162 0.0625 0.1623931623931624
114 0.5384615384615384 0.1623931623931624 0.0625 0.1623931623931624
85 0.4639423076923077 0.19230769230769232 0.057692307692307696 0.17841880341880342
162 0.32211538461538464 0.1623931623931624 0.057692307692307696 0.19658119658119658
110 0.3942307692307692 0.15384615384615385 0.05829326923076923 0.1111111111111111
173 0.28125 0.5897435897435898 0.0625 0.23076923076923078