123 0.24759615384615385 0.13675213675213677 0.10576923076923077 0.27350427350427353
160 0.23557692307692307 0.7393162393162394 0.10516826923076923 0.280982905982906
121 0.40625 0.6923076923076923 0.10096153846153846 0.4797008547008547
166 0.4375 0.46153846153846156 0.1778846153846154 0.2222222222222222
136 0.5048076923076923 0.6965811965811965 0.0859375 0.24786324786324787
162 0.6057692307692307 0.7350427350427351 0.08653846153846154 0.3076923076923077
124 0.7283653846153846 0.8247863247863247 0.14963942307692307 0.23931623931623933
161 0.46153846153846156 0.3333333333333333 0.0859375 0.10256410256410256
68 0.5480769230769231 0.31196581196581197 0.0625 0.16346153846153846
114 0.5456730769230769 0.15384615384615385 0.0625 0.1623931623931624
85 0.47115384615384615 0.1794871794871795 0.057692307692307696 0.172008547008547
162 0.3269230769230769 0.15384615384615385 0.05829326923076923 0.20405982905982906
110 0.4014423076923077 0.1452991452991453 0.061899038461538464 0.11858974358974358
173 0.28365384615384615 0.5897435897435898 0.06670673076923077 0.23824786324786323