123 0.24278846153846154 0.13675213675213677 0.10576923076923077 0.27350427350427353
160 0.23076923076923078 0.7435897435897436 0.10516826923076923 0.2745726495726496
121 0.4014423076923077 0.6965811965811965 0.10096153846153846 0.48717948717948717
166 0.43509615384615385 0.4658119658119658 0.1778846153846154 0.2222222222222222
136 0.5 0.7008547008547008 0.0859375 0.24786324786324787
162 0.6033653846153846 0.7350427350427351 0.08653846153846154 0.3087606837606838
124 0.7259615384615384 0.8290598290598291 0.15384615384615385 0.2403846153846154
161 0.45913461538461536 0.33760683760683763 0.08233173076923077 0.10256410256410256
68 0.5456730769230769 0.31196581196581197 0.0625 0.16346153846153846
114 0.5432692307692307 0.15384615384615385 0.0625 0.16987179487179488
85 0.46875 0.18376068376068377 0.057692307692307696 0.1794871794871795
162 0.32211538461538464 0.15384615384615385 0.05829326923076923 0.20512820512820512
110 0.39663461538461536 0.1452991452991453 0.0625 0.11858974358974358
173 0.28125 0.5897435897435898 0.06310096153846154 0.23931623931623933