108 0.21394230769230768 0.7094017094017094 0.0673076923076923 0.1623931623931624
108 0.27884615384615385 0.7094017094017094 0.052884615384615384 0.17094017094017094
47 0.34615384615384615 0.7094017094017094 0.0625 0.13675213675213677
124 0.2932692307692308 0.5299145299145299 0.07752403846153846 0.1891025641025641
115 0.34615384615384615 0.5 0.0673076923076923 0.13675213675213677
54 0.5480769230769231 0.49572649572649574 0.047475961538461536 0.12072649572649573
72 0.4831730769230769 0.3888888888888889 0.10096153846153846 0.1794871794871795
162 0.6778846153846154 0.6495726495726496 0.052884615384615384 0.20512820512820512
136 0.7451923076923077 0.6538461538461539 0.0625 0.21367521367521367
62 0.6081730769230769 0.6410256410256411 0.0625 0.1794871794871795
60 0.47115384615384615 0.6794871794871795 0.07752403846153846 0.09294871794871795
47 0.5432692307692307 0.6965811965811965 0.04807692307692308 0.09294871794871795
54 0.40865384615384615 0.6837606837606838 0.048677884615384616 0.08547008547008547
115 0.6490384615384616 0.41452991452991456 0.04807692307692308 0.15384615384615385