124 0.71875 0.8418803418803419 0.14002403846153846 0.28205128205128205
162 0.5985576923076923 0.7307692307692307 0.07151442307692307 0.3162393162393162
121 0.39663461538461536 0.6837606837606838 0.12920673076923078 0.47863247863247865
160 0.22355769230769232 0.7350427350427351 0.10997596153846154 0.2916666666666667
173 0.27884615384615385 0.5854700854700855 0.07752403846153846 0.24786324786324787
166 0.43990384615384615 0.452991452991453 0.25961538461538464 0.23076923076923078
123 0.2403846153846154 0.13247863247863248 0.12980769230769232 0.26495726495726496
142 0.31971153846153844 0.1452991452991453 0.07211538461538461 0.20619658119658119
136 0.5024038461538461 0.7008547008547008 0.0673076923076923 0.2553418803418803
110 0.3894230769230769 0.14102564102564102 0.05829326923076923 0.12713675213675213
85 0.46153846153846156 0.17094017094017094 0.057692307692307696 0.1623931623931624
114 0.5360576923076923 0.1452991452991453 0.07151442307692307 0.16987179487179488
68 0.5408653846153846 0.29914529914529914 0.0673076923076923 0.13782051282051283
111 0.38461538461538464 0.26495726495726496 0.0625 0.1452991452991453