136 0.5048076923076923 0.5450643776824035 0.047475961538461536 0.20600858369098712
60 0.18269230769230768 0.6995708154506438 0.09134615384615384 0.14699570815450644
0 0.25961538461538464 0.6995708154506438 0.07692307692307693 0.12017167381974249
0 0.33653846153846156 0.6909871244635193 0.09615384615384616 0.11266094420600858
166 0.4326923076923077 0.592274678111588 0.08653846153846154 0.27467811158798283
124 0.2860576923076923 0.5321888412017167 0.08233173076923077 0.18991416309012876
173 0.3269230769230769 0.41201716738197425 0.047475961538461536 0.11909871244635194
60 0.3605769230769231 0.5364806866952789 0.07211538461538461 0.19742489270386265
62 0.6153846153846154 0.630901287553648 0.11598557692307693 0.20600858369098712
162 0.5697115384615384 0.5150214592274678 0.06310096153846154 0.1459227467811159
39 0.7163461538461539 0.6609442060085837 0.07211538461538461 0.13841201716738197