136 0.5024038461538461 0.5493562231759657 0.04326923076923077 0.20493562231759657
60 0.18269230769230768 0.703862660944206 0.08713942307692307 0.15343347639484978
0 0.25721153846153844 0.6995708154506438 0.07692307692307693 0.12017167381974249
0 0.33653846153846156 0.6952789699570815 0.09615384615384616 0.11909871244635194
166 0.42788461538461536 0.5965665236051502 0.0859375 0.26716738197424894
124 0.28365384615384615 0.5364806866952789 0.08173076923076923 0.1888412017167382
173 0.3245192307692308 0.41630901287553645 0.043870192307692304 0.11158798283261803
60 0.3581730769230769 0.5407725321888412 0.07151442307692307 0.18991416309012876
62 0.6105769230769231 0.6351931330472103 0.11598557692307693 0.20493562231759657
162 0.5649038461538461 0.51931330472103 0.06310096153846154 0.1459227467811159
39 0.7091346153846154 0.6652360515021459 0.07151442307692307 0.14484978540772533