124 0.71875 0.8412017167381974 0.14423076923076922 0.2907725321888412
162 0.5961538461538461 0.7253218884120172 0.06790865384615384 0.3186695278969957
121 0.3918269230769231 0.6781115879828327 0.12980769230769232 0.48175965665236054
160 0.21875 0.7339055793991416 0.10997596153846154 0.30042918454935624
173 0.27403846153846156 0.5793991416309013 0.07752403846153846 0.25
166 0.43509615384615385 0.44635193133047213 0.2644230769230769 0.23927038626609443
123 0.23317307692307693 0.12875536480686695 0.12980769230769232 0.2575107296137339
142 0.31490384615384615 0.13304721030042918 0.07271634615384616 0.2145922746781116
136 0.5 0.6995708154506438 0.06790865384615384 0.2575107296137339
110 0.3870192307692308 0.12875536480686695 0.0625 0.12124463519313304
85 0.4567307692307692 0.15879828326180256 0.057692307692307696 0.16416309012875535
114 0.5336538461538461 0.13304721030042918 0.06790865384615384 0.16416309012875535
68 0.5384615384615384 0.2875536480686695 0.0673076923076923 0.14484978540772533
111 0.3798076923076923 0.2575107296137339 0.0625 0.1459227467811159