108 0.19471153846153846 0.721030042918455 0.0673076923076923 0.1630901287553648
108 0.2620192307692308 0.721030042918455 0.052884615384615384 0.17167381974248927
47 0.3293269230769231 0.721030042918455 0.0625 0.13733905579399142
124 0.2764423076923077 0.5407725321888412 0.0811298076923077 0.19742489270386265
115 0.3317307692307692 0.5107296137339056 0.0673076923076923 0.14484978540772533
54 0.5336538461538461 0.5064377682403434 0.047475961538461536 0.12124463519313304
72 0.46634615384615385 0.3948497854077253 0.10516826923076923 0.18776824034334763
162 0.6658653846153846 0.6609442060085837 0.052884615384615384 0.20600858369098712
136 0.7307692307692307 0.6652360515021459 0.0625 0.2145922746781116
62 0.59375 0.6523605150214592 0.0625 0.18776824034334763
60 0.4567307692307692 0.6909871244635193 0.08173076923076923 0.0944206008583691
47 0.5288461538461539 0.7081545064377682 0.04807692307692308 0.09334763948497854
54 0.3918269230769231 0.6952789699570815 0.05228365384615385 0.08583690987124463
115 0.6346153846153846 0.4206008583690987 0.048677884615384616 0.15450643776824036