124 0.7283653846153846 0.8547008547008547 0.14002403846153846 0.28205128205128205
162 0.6081730769230769 0.7393162393162394 0.07151442307692307 0.3162393162393162
121 0.40865384615384615 0.6965811965811965 0.12560096153846154 0.47115384615384615
160 0.23798076923076922 0.7478632478632479 0.10576923076923077 0.2905982905982906
173 0.29086538461538464 0.5982905982905983 0.0811298076923077 0.24786324786324787
166 0.4519230769230769 0.4658119658119658 0.25961538461538464 0.23076923076923078
123 0.25240384615384615 0.14102564102564102 0.12920673076923078 0.28205128205128205
142 0.3317307692307692 0.1623931623931624 0.07211538461538461 0.20619658119658119
136 0.5144230769230769 0.7136752136752137 0.0673076923076923 0.24893162393162394
110 0.4014423076923077 0.15384615384615385 0.061899038461538464 0.12072649572649573
85 0.47115384615384615 0.18376068376068377 0.057692307692307696 0.1623931623931624
114 0.5456730769230769 0.1623931623931624 0.0673076923076923 0.16987179487179488
68 0.5504807692307693 0.31196581196581197 0.0673076923076923 0.14423076923076922
111 0.39663461538461536 0.28205128205128205 0.0625 0.1452991452991453