2 0.2956730769230769 0.05405405405405406 0.061899038461538464 0.10810810810810811
2 0.35096153846153844 0.05791505791505792 0.04326923076923077 0.10810810810810811
86 0.40865384615384615 0.1274131274131274 0.047475961538461536 0.1303088803088803
3 0.4519230769230769 0.09266409266409266 0.04807692307692308 0.0916988416988417
83 0.4110576923076923 0.25096525096525096 0.07271634615384616 0.13223938223938225
115 0.47115384615384615 0.23166023166023167 0.05709134615384615 0.1776061776061776
103 0.53125 0.1274131274131274 0.052884615384615384 0.12355212355212356
118 0.59375 0.12355212355212356 0.043870192307692304 0.10714285714285714
118 0.65625 0.17374517374517376 0.04266826923076923 0.03957528957528957
76 0.65625 0.13127413127413126 0.043870192307692304 0.138996138996139
117 0.5384615384615384 0.2625482625482625 0.07211538461538461 0.13127413127413126
92 0.5985576923076923 0.2471042471042471 0.043870192307692304 0.13803088803088803
39 0.7091346153846154 0.09266409266409266 0.04807692307692308 0.10907335907335908
3 0.5649038461538461 0.1969111969111969 0.038461538461538464 0.0694980694980695