76 0.25 0.583011583011583 0.052884615384615384 0.16216216216216217
3 0.3389423076923077 0.6023166023166023 0.0625 0.10714285714285714
118 0.41346153846153844 0.5868725868725869 0.052884615384615384 0.13996138996138996
63 0.46153846153846156 0.5057915057915058 0.07632211538461539 0.11583011583011583
115 0.41586538461538464 0.4092664092664093 0.05228365384615385 0.17084942084942084
174 0.2980769230769231 0.1776061776061776 0.052884615384615384 0.15347490347490347
90 0.35336538461538464 0.30115830115830117 0.052884615384615384 0.15347490347490347
125 0.4230769230769231 0.2702702702702703 0.06670673076923077 0.11583011583011583
110 0.45913461538461536 0.13513513513513514 0.05228365384615385 0.138996138996139
92 0.5264423076923077 0.3667953667953668 0.061899038461538464 0.1611969111969112
86 0.65625 0.583011583011583 0.057692307692307696 0.1611969111969112
103 0.7355769230769231 0.583011583011583 0.07211538461538461 0.1476833976833977
117 0.6682692307692307 0.3783783783783784 0.08713942307692307 0.16988416988416988
67 0.5576923076923077 0.1891891891891892 0.048677884615384616 0.10135135135135136
114 0.6514423076923077 0.12355212355212356 0.04807692307692308 0.138996138996139
26 0.29086538461538464 0.10424710424710425 0.052884615384615384 0.05405405405405406
109 0.2692307692307692 0.1583011583011583 0.03365384615384615 0.05308880308880309
22 0.5288461538461539 0.6988416988416989 0.09134615384615384 0.13127413127413126
42 0.6033653846153846 0.722007722007722 0.043870192307692304 0.11583011583011583
54 0.6682692307692307 0.7181467181467182 0.04807692307692308 0.12258687258687259
54 0.7403846153846154 0.7104247104247104 0.057692307692307696 0.10714285714285714
92 0.5625 0.30115830115830117 0.057692307692307696 0.09266409266409266