76 0.2620192307692308 0.5868725868725869 0.052884615384615384 0.16216216216216217
3 0.35096153846153844 0.6061776061776062 0.0625 0.10038610038610038
118 0.4254807692307692 0.5907335907335908 0.052884615384615384 0.138996138996139
63 0.47115384615384615 0.5096525096525096 0.07632211538461539 0.11583011583011583
115 0.4254807692307692 0.41312741312741313 0.05228365384615385 0.17664092664092665
174 0.31009615384615385 0.18532818532818532 0.052884615384615384 0.15347490347490347
90 0.3629807692307692 0.305019305019305 0.052884615384615384 0.1476833976833977
125 0.4326923076923077 0.27413127413127414 0.06670673076923077 0.11583011583011583
110 0.47115384615384615 0.14285714285714285 0.048677884615384616 0.138996138996139
92 0.5360576923076923 0.3745173745173745 0.061899038461538464 0.1611969111969112
86 0.6658653846153846 0.5868725868725869 0.057692307692307696 0.15444015444015444
103 0.7427884615384616 0.5868725868725869 0.07211538461538461 0.15347490347490347
117 0.6778846153846154 0.3861003861003861 0.08653846153846154 0.16988416988416988
67 0.5673076923076923 0.1969111969111969 0.048677884615384616 0.10135135135135136
114 0.6610576923076923 0.1274131274131274 0.04807692307692308 0.138996138996139
26 0.3004807692307692 0.10810810810810811 0.05228365384615385 0.05405405405405406
109 0.27884615384615385 0.16602316602316602 0.03365384615384615 0.05308880308880309
22 0.5384615384615384 0.7027027027027027 0.08713942307692307 0.13127413127413126
42 0.6129807692307693 0.7258687258687259 0.043870192307692304 0.10907335907335908
54 0.6778846153846154 0.7181467181467182 0.04807692307692308 0.11583011583011583
54 0.75 0.7142857142857143 0.057692307692307696 0.10135135135135136
92 0.5721153846153846 0.305019305019305 0.057692307692307696 0.09266409266409266