2 0.30288461538461536 0.05405405405405406 0.05829326923076923 0.10810810810810811
2 0.3557692307692308 0.05405405405405406 0.04326923076923077 0.10810810810810811
86 0.41346153846153844 0.1274131274131274 0.047475961538461536 0.1303088803088803
3 0.45913461538461536 0.0888030888030888 0.04807692307692308 0.0859073359073359
83 0.4182692307692308 0.25096525096525096 0.07632211538461539 0.13223938223938225
115 0.47836538461538464 0.23166023166023167 0.05348557692307692 0.1776061776061776
103 0.5384615384615384 0.1274131274131274 0.052884615384615384 0.12355212355212356
118 0.6009615384615384 0.12355212355212356 0.047475961538461536 0.10714285714285714
118 0.6634615384615384 0.17374517374517376 0.0390625 0.04633204633204633
76 0.6634615384615384 0.13127413127413126 0.04807692307692308 0.138996138996139
117 0.5456730769230769 0.2625482625482625 0.07211538461538461 0.13127413127413126
92 0.6057692307692307 0.2471042471042471 0.047475961538461536 0.138996138996139
39 0.7163461538461539 0.09266409266409266 0.04807692307692308 0.10907335907335908
3 0.5721153846153846 0.1969111969111969 0.038461538461538464 0.0694980694980695