85 0.6658653846153846 0.5846153846153846 0.052884615384615384 0.11538461538461539
110 0.7475961538461539 0.5807692307692308 0.052884615384615384 0.1625
101 0.6153846153846154 0.38076923076923075 0.08653846153846154 0.1
106 0.46875 0.36538461538461536 0.0625 0.18461538461538463
71 0.6658653846153846 0.11153846153846154 0.043870192307692304 0.10096153846153846
82 0.2668269230769231 0.5576923076923077 0.052884615384615384 0.14711538461538462
87 0.27884615384615385 0.24615384615384617 0.0625 0.13846153846153847
119 0.37259615384615385 0.25769230769230766 0.06310096153846154 0.15384615384615385
111 0.33413461538461536 0.3576923076923077 0.043870192307692304 0.14711538461538462
44 0.5168269230769231 0.29615384615384616 0.08173076923076923 0.11538461538461539
45 0.6826923076923077 0.6961538461538461 0.05829326923076923 0.10096153846153846
50 0.6081730769230769 0.6923076923076923 0.04807692307692308 0.1076923076923077
50 0.5384615384615384 0.6961538461538461 0.04807692307692308 0.1
40 0.46634615384615385 0.7115384615384616 0.08713942307692307 0.11538461538461539
40 0.3918269230769231 0.7076923076923077 0.07271634615384616 0.12403846153846154
49 0.31971153846153844 0.7076923076923077 0.052884615384615384 0.1076923076923077
110 0.24759615384615385 0.7076923076923077 0.06310096153846154 0.12211538461538461
82 0.1778846153846154 0.6884615384615385 0.05709134615384615 0.13076923076923078
45 0.4375 0.28846153846153844 0.04326923076923077 0.08365384615384615
111 0.71875 0.046153846153846156 0.04326923076923077 0.09230769230769231
26 0.29086538461538464 0.06923076923076923 0.05348557692307692 0.09230769230769231
26 0.35096153846153844 0.06923076923076923 0.057692307692307696 0.09230769230769231
44 0.40384615384615385 0.05384615384615385 0.0625 0.1076923076923077