75 0.06490384615384616 0.8892857142857142 0.12920673076923078 0.22142857142857142
54 0.21875 0.9214285714285714 0.10036057692307693 0.15714285714285714
95 0.6610576923076923 0.9 0.1388221153846154 0.19910714285714284
146 0.8221153846153846 0.8714285714285714 0.11598557692307693 0.2571428571428571
74 0.7259615384615384 0.5214285714285715 0.13942307692307693 0.24285714285714285
73 0.5144230769230769 0.6571428571428571 0.10576923076923077 0.21339285714285713
108 0.4254807692307692 0.5571428571428572 0.16887019230769232 0.32142857142857145
77 0.5697115384615384 0.14642857142857144 0.09615384615384616 0.17767857142857144
51 0.8052884615384616 0.16428571428571428 0.08233173076923077 0.19285714285714287
16 0.8894230769230769 0.06785714285714285 0.057692307692307696 0.13482142857142856
42 0.7956730769230769 0.05 0.0811298076923077 0.1
16 0.7043269230769231 0.07142857142857142 0.0625 0.14285714285714285
54 0.6153846153846154 0.07142857142857142 0.07211538461538461 0.1419642857142857
76 0.09615384615384616 0.10714285714285714 0.0967548076923077 0.21339285714285713
54 0.17067307692307693 0.225 0.10997596153846154 0.19285714285714287
158 0.06971153846153846 0.2892857142857143 0.08233173076923077 0.23482142857142857
139 0.1346153846153846 0.39285714285714285 0.11598557692307693 0.3294642857142857