132 0.6634615384615384 0.5868725868725869 0.05829326923076923 0.13127413127413126
147 0.7283653846153846 0.44787644787644787 0.07211538461538461 0.15444015444015444
177 0.5817307692307693 0.4092664092664093 0.05829326923076923 0.18436293436293436
125 0.4326923076923077 0.277992277992278 0.052884615384615384 0.13996138996138996
106 0.46875 0.3783783783783784 0.061899038461538464 0.18436293436293436
27 0.3581730769230769 0.5868725868725869 0.07151442307692307 0.12451737451737452
105 0.27163461538461536 0.36293436293436293 0.09134615384615384 0.18629343629343628
90 0.3701923076923077 0.28957528957528955 0.057692307692307696 0.1776061776061776
109 0.2860576923076923 0.16602316602316602 0.03365384615384615 0.07722007722007722
174 0.3173076923076923 0.1776061776061776 0.04807692307692308 0.15444015444015444
110 0.4735576923076923 0.138996138996139 0.04807692307692308 0.13996138996138996
19 0.5384615384615384 0.14671814671814673 0.047475961538461536 0.10714285714285714
67 0.5384615384615384 0.2548262548262548 0.047475961538461536 0.10907335907335908
114 0.6610576923076923 0.1274131274131274 0.04326923076923077 0.13223938223938225
92 0.5769230769230769 0.2857142857142857 0.052884615384615384 0.06274131274131274