85 0.6634615384615384 0.6023166023166023 0.052884615384615384 0.11583011583011583
110 0.7427884615384616 0.5984555984555985 0.05228365384615385 0.16216216216216217
101 0.6129807692307693 0.4015444015444015 0.08233173076923077 0.10038610038610038
106 0.47115384615384615 0.3861003861003861 0.0625 0.18436293436293436
71 0.6634615384615384 0.138996138996139 0.047475961538461536 0.10714285714285714
82 0.27403846153846156 0.5752895752895753 0.048677884615384616 0.14671814671814673
87 0.28365384615384615 0.2702702702702703 0.05829326923076923 0.13803088803088803
119 0.37740384615384615 0.28185328185328185 0.06310096153846154 0.1476833976833977
111 0.3389423076923077 0.3783783783783784 0.043870192307692304 0.14671814671814673
44 0.5168269230769231 0.3204633204633205 0.0811298076923077 0.11486486486486487
45 0.6778846153846154 0.7104247104247104 0.057692307692307696 0.10038610038610038
50 0.6057692307692307 0.7065637065637066 0.04807692307692308 0.10135135135135136
50 0.5384615384615384 0.7104247104247104 0.047475961538461536 0.10038610038610038
40 0.46875 0.7258687258687259 0.08653846153846154 0.10907335907335908
40 0.39663461538461536 0.722007722007722 0.07211538461538461 0.12355212355212356
49 0.3245192307692308 0.722007722007722 0.052884615384615384 0.10810810810810811
110 0.2548076923076923 0.722007722007722 0.0625 0.1167953667953668
82 0.1875 0.7027027027027027 0.05709134615384615 0.12451737451737452
45 0.43990384615384615 0.3127413127413127 0.04326923076923077 0.08397683397683398
111 0.7139423076923077 0.06563706563706563 0.04326923076923077 0.11486486486486487
26 0.2980769230769231 0.09652509652509653 0.052884615384615384 0.0859073359073359
26 0.3557692307692308 0.09652509652509653 0.057692307692307696 0.0859073359073359
44 0.40865384615384615 0.08108108108108109 0.0625 0.10810810810810811