2 0.2980769230769231 0.057692307692307696 0.057692307692307696 0.10096153846153846
2 0.35336538461538464 0.057692307692307696 0.04326923076923077 0.1076923076923077
86 0.4110576923076923 0.12692307692307692 0.04326923076923077 0.12980769230769232
3 0.4543269230769231 0.09230769230769231 0.043870192307692304 0.09134615384615384
83 0.41346153846153844 0.25 0.07632211538461539 0.13173076923076923
115 0.4735576923076923 0.23076923076923078 0.05348557692307692 0.1701923076923077
103 0.53125 0.12692307692307692 0.05228365384615385 0.12307692307692308
118 0.59375 0.12307692307692308 0.043870192307692304 0.10673076923076923
118 0.65625 0.17307692307692307 0.04266826923076923 0.03942307692307692
76 0.6538461538461539 0.13076923076923078 0.047475961538461536 0.1375
117 0.5384615384615384 0.25769230769230766 0.07211538461538461 0.13076923076923078
92 0.5985576923076923 0.2423076923076923 0.043870192307692304 0.13173076923076923
39 0.7091346153846154 0.09230769230769231 0.043870192307692304 0.1076923076923077
3 0.5649038461538461 0.19615384615384615 0.038461538461538464 0.06923076923076923