132 0.6754807692307693 0.583011583011583 0.061899038461538464 0.13127413127413126
147 0.7403846153846154 0.444015444015444 0.07211538461538461 0.1611969111969112
177 0.59375 0.4015444015444015 0.061899038461538464 0.18436293436293436
125 0.4423076923076923 0.2702702702702703 0.05709134615384615 0.14671814671814673
106 0.47836538461538464 0.37065637065637064 0.061899038461538464 0.18532818532818532
27 0.36778846153846156 0.583011583011583 0.07151442307692307 0.1303088803088803
105 0.28125 0.3590733590733591 0.09194711538461539 0.19305019305019305
90 0.38221153846153844 0.28185328185328185 0.061899038461538464 0.1776061776061776
109 0.2956730769230769 0.1583011583011583 0.03365384615384615 0.07722007722007722
174 0.3245192307692308 0.16988416988416988 0.05228365384615385 0.15444015444015444
110 0.4855769230769231 0.1274131274131274 0.048677884615384616 0.14575289575289574
19 0.5480769230769231 0.13513513513513514 0.047475961538461536 0.10135135135135136
67 0.5504807692307693 0.2471042471042471 0.043870192307692304 0.10907335907335908
114 0.6730769230769231 0.11583011583011583 0.04326923076923077 0.13803088803088803
92 0.5889423076923077 0.277992277992278 0.052884615384615384 0.06274131274131274