75 0.0673076923076923 0.8910714285714286 0.12980769230769232 0.21785714285714286
54 0.22596153846153846 0.925 0.10096153846153846 0.14910714285714285
95 0.6706730769230769 0.9035714285714286 0.13942307692307693 0.19196428571428573
146 0.8341346153846154 0.875 0.1201923076923077 0.25
74 0.7355769230769231 0.525 0.14362980769230768 0.24910714285714286
73 0.5240384615384616 0.6642857142857143 0.10576923076923077 0.21428571428571427
108 0.4326923076923077 0.5607142857142857 0.17307692307692307 0.3223214285714286
77 0.5769230769230769 0.14642857142857144 0.09615384615384616 0.17857142857142858
51 0.8173076923076923 0.16428571428571428 0.0859375 0.19910714285714284
16 0.9014423076923077 0.06785714285714285 0.057692307692307696 0.13482142857142856
42 0.8076923076923077 0.05 0.07752403846153846 0.1
16 0.7139423076923077 0.07142857142857142 0.06310096153846154 0.14285714285714285
54 0.625 0.07142857142857142 0.07211538461538461 0.1419642857142857
76 0.0985576923076923 0.10714285714285714 0.10036057692307693 0.21339285714285713
54 0.17548076923076922 0.225 0.11057692307692307 0.19285714285714287
158 0.07211538461538461 0.29285714285714287 0.0859375 0.2294642857142857
139 0.13942307692307693 0.3964285714285714 0.11598557692307693 0.3357142857142857