132 0.6586538461538461 0.5945945945945946 0.05829326923076923 0.13127413127413126
147 0.7235576923076923 0.4555984555984556 0.07211538461538461 0.15444015444015444
177 0.5769230769230769 0.41312741312741313 0.05829326923076923 0.17857142857142858
125 0.42788461538461536 0.2857142857142857 0.052884615384615384 0.13996138996138996
106 0.4639423076923077 0.38223938223938225 0.061899038461538464 0.17857142857142858
27 0.3557692307692308 0.5945945945945946 0.06790865384615384 0.12451737451737452
105 0.2692307692307692 0.37065637065637064 0.09134615384615384 0.18629343629343628
90 0.36778846153846156 0.2972972972972973 0.057692307692307696 0.1776061776061776
109 0.28365384615384615 0.17374517374517376 0.03365384615384615 0.07722007722007722
174 0.3125 0.18532818532818532 0.04807692307692308 0.15444015444015444
110 0.46875 0.14285714285714285 0.04807692307692308 0.14575289575289574
19 0.5336538461538461 0.15057915057915058 0.047475961538461536 0.10135135135135136
67 0.5336538461538461 0.25868725868725867 0.047475961538461536 0.11486486486486487
114 0.65625 0.13127413127413126 0.04326923076923077 0.13803088803088803
92 0.5721153846153846 0.29343629343629346 0.052884615384615384 0.06274131274131274