76 0.2692307692307692 0.5752895752895753 0.048677884615384616 0.1611969111969112
3 0.3557692307692308 0.5945945945945946 0.0625 0.10038610038610038
118 0.43028846153846156 0.5791505791505791 0.05228365384615385 0.138996138996139
63 0.4735576923076923 0.5019305019305019 0.07211538461538461 0.11583011583011583
115 0.43028846153846156 0.40540540540540543 0.04807692307692308 0.16988416988416988
174 0.3173076923076923 0.18146718146718147 0.048677884615384616 0.14671814671814673
90 0.3701923076923077 0.30115830115830117 0.052884615384615384 0.14671814671814673
125 0.4375 0.2702702702702703 0.0625 0.10907335907335908
110 0.4735576923076923 0.14285714285714285 0.05228365384615385 0.13223938223938225
92 0.5384615384615384 0.3667953667953668 0.05829326923076923 0.15444015444015444
86 0.6658653846153846 0.5752895752895753 0.057692307692307696 0.1476833976833977
103 0.7403846153846154 0.5752895752895753 0.06790865384615384 0.14671814671814673
117 0.6778846153846154 0.3783783783783784 0.08653846153846154 0.16891891891891891
67 0.5697115384615384 0.19305019305019305 0.04807692307692308 0.10038610038610038
114 0.6610576923076923 0.1274131274131274 0.04807692307692308 0.13223938223938225
26 0.3076923076923077 0.10810810810810811 0.048677884615384616 0.05405405405405406
109 0.28846153846153844 0.16216216216216217 0.03365384615384615 0.0472972972972973
22 0.5408653846153846 0.6872586872586872 0.0907451923076923 0.12451737451737452
42 0.6129807692307693 0.7104247104247104 0.043870192307692304 0.10907335907335908
54 0.6778846153846154 0.7065637065637066 0.047475961538461536 0.11583011583011583
54 0.7475961538461539 0.6988416988416989 0.057692307692307696 0.10038610038610038
92 0.5745192307692307 0.30115830115830117 0.057692307692307696 0.0916988416988417