85 0.65625 0.6023166023166023 0.052884615384615384 0.10907335907335908
110 0.7331730769230769 0.5984555984555985 0.05228365384615385 0.1611969111969112
101 0.6081730769230769 0.40540540540540543 0.08233173076923077 0.09942084942084942
106 0.46634615384615385 0.38996138996138996 0.05829326923076923 0.1776061776061776
71 0.65625 0.14285714285714285 0.043870192307692304 0.10038610038610038
82 0.2692307692307692 0.5752895752895753 0.048677884615384616 0.14671814671814673
87 0.28125 0.27413127413127414 0.061899038461538464 0.13223938223938225
119 0.37259615384615385 0.2857142857142857 0.0625 0.14671814671814673
111 0.33653846153846156 0.38223938223938225 0.04326923076923077 0.14575289575289574
44 0.5120192307692307 0.3204633204633205 0.0811298076923077 0.11486486486486487
45 0.6706730769230769 0.7104247104247104 0.057692307692307696 0.10038610038610038
50 0.6009615384615384 0.7065637065637066 0.04807692307692308 0.10135135135135136
50 0.53125 0.7065637065637066 0.043870192307692304 0.09942084942084942
40 0.4639423076923077 0.7258687258687259 0.08653846153846154 0.10907335907335908
40 0.3918269230769231 0.7181467181467182 0.07211538461538461 0.12355212355212356
49 0.32211538461538464 0.722007722007722 0.052884615384615384 0.10135135135135136
110 0.25240384615384615 0.7181467181467182 0.0625 0.11583011583011583
82 0.18509615384615385 0.7027027027027027 0.05348557692307692 0.12355212355212356
45 0.43509615384615385 0.3166023166023166 0.04266826923076923 0.07722007722007722
111 0.7067307692307693 0.07335907335907337 0.04326923076923077 0.11486486486486487
26 0.2956730769230769 0.10424710424710425 0.052884615384615384 0.0859073359073359
26 0.35336538461538464 0.10038610038610038 0.05348557692307692 0.0916988416988417
44 0.40384615384615385 0.08494208494208494 0.05829326923076923 0.10714285714285714