163 0.4567307692307692 0.44017094017094016 0.08653846153846154 0.3173076923076923
103 0.5504807692307693 0.48717948717948717 0.07211538461538461 0.21367521367521367
3 0.6394230769230769 0.5 0.07211538461538461 0.18803418803418803
36 0.7283653846153846 0.5085470085470085 0.0625 0.19658119658119658
127 0.20192307692307693 0.28205128205128205 0.07692307692307693 0.2232905982905983
61 0.28125 0.49572649572649574 0.07271634615384616 0.2232905982905983
32 0.37259615384615385 0.49145299145299143 0.08173076923076923 0.23183760683760685
94 0.20432692307692307 0.11538461538461539 0.07271634615384616 0.18803418803418803
91 0.31490384615384615 0.14102564102564102 0.09134615384615384 0.18803418803418803
9 0.3870192307692308 0.1752136752136752 0.0625 0.13675213675213677
86 0.7019230769230769 0.14957264957264957 0.0673076923076923 0.2297008547008547