127 0.21394230769230768 0.3133047210300429 0.07211538461538461 0.2317596566523605
105 0.4735576923076923 0.17167381974248927 0.08653846153846154 0.23927038626609443
94 0.23557692307692307 0.13304721030042918 0.07692307692307693 0.12875536480686695
91 0.31490384615384615 0.18454935622317598 0.08173076923076923 0.1813304721030043
9 0.38461538461538464 0.19742489270386265 0.05829326923076923 0.15450643776824036
86 0.6995192307692307 0.18454935622317598 0.0673076923076923 0.2317596566523605
61 0.27884615384615385 0.5150214592274678 0.07752403846153846 0.18776824034334763
32 0.375 0.49356223175965663 0.07632211538461539 0.2145922746781116
163 0.4543269230769231 0.4206008583690987 0.0907451923076923 0.25858369098712447
106 0.5096153846153846 0.38197424892703863 0.05829326923076923 0.07832618025751073
103 0.5673076923076923 0.5150214592274678 0.0625 0.17167381974248927
3 0.6442307692307693 0.4978540772532189 0.0625 0.1630901287553648
36 0.7283653846153846 0.5107296137339056 0.07211538461538461 0.1888412017167382