127 0.20673076923076922 0.3133047210300429 0.07632211538461539 0.23283261802575106
105 0.4735576923076923 0.16738197424892703 0.0907451923076923 0.2478540772532189
94 0.2283653846153846 0.12875536480686695 0.0811298076923077 0.13626609442060086
91 0.3125 0.18025751072961374 0.0859375 0.1888412017167382
9 0.38221153846153844 0.19313304721030042 0.0625 0.16201716738197425
86 0.7091346153846154 0.18025751072961374 0.07151442307692307 0.24034334763948498
61 0.27403846153846156 0.51931330472103 0.08173076923076923 0.1888412017167382
32 0.375 0.4978540772532189 0.07692307692307693 0.22210300429184548
163 0.4543269230769231 0.4206008583690987 0.09134615384615384 0.27360515021459225
106 0.5120192307692307 0.38197424892703863 0.0625 0.07832618025751073
103 0.5697115384615384 0.51931330472103 0.0625 0.1791845493562232
3 0.6514423076923077 0.5021459227467812 0.06310096153846154 0.16416309012875535
36 0.7379807692307693 0.5150214592274678 0.07271634615384616 0.19742489270386265