163 0.46153846153846156 0.44635193133047213 0.08653846153846154 0.3261802575107296
103 0.5576923076923077 0.4978540772532189 0.07211538461538461 0.22210300429184548
3 0.6490384615384616 0.5107296137339056 0.07211538461538461 0.1963519313304721
36 0.7379807692307693 0.5150214592274678 0.0625 0.19742489270386265
127 0.20673076923076922 0.2875536480686695 0.07692307692307693 0.2317596566523605
61 0.2860576923076923 0.5021459227467812 0.07692307692307693 0.23068669527896996
32 0.37740384615384615 0.5021459227467812 0.08173076923076923 0.23283261802575106
94 0.20673076923076922 0.11587982832618025 0.07692307692307693 0.1888412017167382
91 0.31971153846153844 0.1459227467811159 0.09134615384615384 0.1888412017167382
9 0.3918269230769231 0.18025751072961374 0.0625 0.13733905579399142
86 0.7091346153846154 0.15450643776824036 0.0673076923076923 0.22424892703862662