127 0.19230769230769232 0.2832618025751073 0.07632211538461539 0.23927038626609443
105 0.46153846153846156 0.13733905579399142 0.08713942307692307 0.24141630901287553
94 0.21634615384615385 0.09871244635193133 0.07752403846153846 0.1298283261802575
91 0.2980769230769231 0.15021459227467812 0.0859375 0.1888412017167382
9 0.3701923076923077 0.1630901287553648 0.0625 0.1555793991416309
86 0.6971153846153846 0.15021459227467812 0.06790865384615384 0.24034334763948498
61 0.2620192307692308 0.4892703862660944 0.08173076923076923 0.1888412017167382
32 0.3629807692307692 0.4721030042918455 0.07692307692307693 0.22210300429184548
163 0.4423076923076923 0.3948497854077253 0.09134615384615384 0.27360515021459225
106 0.5 0.351931330472103 0.0625 0.08476394849785408
103 0.5576923076923077 0.49356223175965663 0.0625 0.1791845493562232
3 0.6370192307692307 0.4721030042918455 0.06310096153846154 0.17060085836909872
36 0.7259615384615384 0.48497854077253216 0.07632211538461539 0.19742489270386265