163 0.4519230769230769 0.44871794871794873 0.08653846153846154 0.3247863247863248
103 0.5456730769230769 0.49572649572649574 0.07211538461538461 0.21367521367521367
3 0.6370192307692307 0.5085470085470085 0.07211538461538461 0.18803418803418803
36 0.7259615384615384 0.5170940170940171 0.0625 0.19658119658119658
127 0.19471153846153846 0.2905982905982906 0.07692307692307693 0.23076923076923078
61 0.27403846153846156 0.5042735042735043 0.07692307692307693 0.2232905982905983
32 0.36778846153846156 0.5 0.08173076923076923 0.23183760683760685
94 0.1971153846153846 0.11965811965811966 0.07692307692307693 0.18803418803418803
91 0.3076923076923077 0.14957264957264957 0.09134615384615384 0.18803418803418803
9 0.3798076923076923 0.18376068376068377 0.0625 0.13675213675213677
86 0.6971153846153846 0.15384615384615385 0.0673076923076923 0.2232905982905983