110 0.0746987951807229 0.8333333333333334 0.08674698795180723 0.22635135135135134
49 0.18313253012048192 0.8468468468468469 0.0819277108433735 0.19707207207207209
172 0.21927710843373494 0.5855855855855856 0.09156626506024096 0.28716216216216217
6 0.2891566265060241 0.8288288288288288 0.06746987951807229 0.16216216216216217
36 0.40481927710843374 0.8018018018018018 0.08734939759036145 0.14301801801801803
28 0.5036144578313253 0.8513513513513513 0.09096385542168675 0.17117117117117117
109 0.8024096385542169 0.6846846846846847 0.07710843373493977 0.18130630630630631
20 0.9204819277108434 0.5990990990990991 0.09156626506024096 0.25225225225225223
93 0.7253012048192771 0.23423423423423423 0.09216867469879518 0.27927927927927926
95 0.6289156626506024 0.27927927927927926 0.0963855421686747 0.23423423423423423
131 0.5036144578313253 0.23873873873873874 0.14457831325301204 0.3502252252252252
88 0.39518072289156625 0.22522522522522523 0.09156626506024096 0.26914414414414417
110 0.3325301204819277 0.6171171171171171 0.07710843373493977 0.25225225225225223
67 0.4530120481927711 0.6171171171171171 0.06807228915662651 0.26126126126126126