131 0.6778846153846154 0.42063492063492064 0.15384615384615385 0.31646825396825395
133 0.4254807692307692 0.4801587301587302 0.2403846153846154 0.2926587301587302
74 0.41586538461538464 0.7619047619047619 0.1484375 0.2371031746031746
172 0.16105769230769232 0.7579365079365079 0.10096153846153846 0.2698412698412698
100 0.24519230769230768 0.4444444444444444 0.10516826923076923 0.2619047619047619
90 0.19951923076923078 0.31746031746031744 0.08233173076923077 0.21428571428571427
120 0.3605769230769231 0.1349206349206349 0.0859375 0.17559523809523808
92 0.40865384615384615 0.21428571428571427 0.09615384615384616 0.19047619047619047
117 0.5072115384615384 0.35714285714285715 0.09615384615384616 0.2390873015873016
115 0.5504807692307693 0.2698412698412698 0.08233173076923077 0.15079365079365079
97 0.49759615384615385 0.15476190476190477 0.08173076923076923 0.15873015873015872
130 0.5480769230769231 0.0992063492063492 0.09134615384615384 0.1974206349206349
63 0.6346153846153846 0.10714285714285714 0.08173076923076923 0.21329365079365079
118 0.4543269230769231 0.09523809523809523 0.0811298076923077 0.18253968253968253
109 0.6081730769230769 0.8293650793650794 0.11538461538461539 0.21329365079365079
15 0.8365384615384616 0.8174603174603174 0.09615384615384616 0.18948412698412698
29 0.71875 0.06746031746031746 0.07151442307692307 0.13392857142857142