49 0.11057692307692307 0.7835497835497836 0.0967548076923077 0.1645021645021645
18 0.20673076923076922 0.7878787878787878 0.07752403846153846 0.2077922077922078
87 0.4254807692307692 0.8138528138528138 0.14002403846153846 0.20887445887445888
87 0.23076923076923078 0.6017316017316018 0.11478365384615384 0.2326839826839827
92 0.34134615384615385 0.5454545454545454 0.1063701923076923 0.3116883116883117
61 0.4639423076923077 0.5627705627705628 0.07271634615384616 0.2435064935064935
35 0.5216346153846154 0.4329004329004329 0.0673076923076923 0.19155844155844157
130 0.5841346153846154 0.5714285714285714 0.07692307692307693 0.3463203463203463
94 0.7019230769230769 0.5454545454545454 0.14362980769230768 0.22510822510822512
119 0.7331730769230769 0.7402597402597403 0.08233173076923077 0.25
86 0.8125 0.5887445887445888 0.07692307692307693 0.22510822510822512
90 0.9399038461538461 0.7878787878787878 0.10096153846153846 0.33766233766233766