131 0.6754807692307693 0.42857142857142855 0.1580528846153846 0.31746031746031744
133 0.4206730769230769 0.48412698412698413 0.24459134615384615 0.29365079365079366
74 0.4110576923076923 0.7738095238095238 0.1484375 0.23809523809523808
172 0.15384615384615385 0.7658730158730159 0.10096153846153846 0.2698412698412698
100 0.23798076923076922 0.44841269841269843 0.1015625 0.2628968253968254
90 0.19230769230769232 0.32142857142857145 0.08653846153846154 0.2152777777777778
120 0.35336538461538464 0.1388888888888889 0.08233173076923077 0.18253968253968253
92 0.40384615384615385 0.21825396825396826 0.0967548076923077 0.19047619047619047
117 0.5024038461538461 0.3611111111111111 0.09615384615384616 0.24603174603174602
115 0.5456730769230769 0.27380952380952384 0.08653846153846154 0.15079365079365079
97 0.49278846153846156 0.15873015873015872 0.08173076923076923 0.1597222222222222
130 0.5432692307692307 0.0992063492063492 0.09555288461538461 0.1984126984126984
63 0.6298076923076923 0.10714285714285714 0.0859375 0.21329365079365079
118 0.44711538461538464 0.0992063492063492 0.08173076923076923 0.18353174603174602
109 0.6033653846153846 0.8373015873015873 0.11538461538461539 0.21428571428571427
15 0.8341346153846154 0.8293650793650794 0.10036057692307693 0.19047619047619047
29 0.7163461538461539 0.06746031746031746 0.06790865384615384 0.1349206349206349