49 0.11298076923076923 0.7922077922077922 0.09615384615384616 0.1645021645021645
18 0.20673076923076922 0.7965367965367965 0.07752403846153846 0.2067099567099567
87 0.4254807692307692 0.8181818181818182 0.13942307692307693 0.21536796536796537
87 0.23317307692307693 0.6103896103896104 0.11057692307692307 0.22510822510822512
92 0.34134615384615385 0.5584415584415584 0.1063701923076923 0.3116883116883117
61 0.4639423076923077 0.5714285714285714 0.07271634615384616 0.2435064935064935
35 0.5192307692307693 0.4458874458874459 0.06670673076923077 0.19805194805194806
130 0.5817307692307693 0.5800865800865801 0.07692307692307693 0.34523809523809523
94 0.6971153846153846 0.5584415584415584 0.14362980769230768 0.22510822510822512
119 0.7307692307692307 0.7489177489177489 0.0859375 0.25
86 0.8076923076923077 0.6017316017316018 0.07692307692307693 0.22510822510822512
90 0.9350961538461539 0.7922077922077922 0.10036057692307693 0.3365800865800866