110 0.07932692307692307 0.8295964125560538 0.08653846153846154 0.22533632286995517
49 0.1875 0.8430493273542601 0.08173076923076923 0.1961883408071749
172 0.22355769230769232 0.5829596412556054 0.09134615384615384 0.2858744394618834
6 0.2932692307692308 0.8251121076233184 0.0673076923076923 0.16143497757847533
36 0.40865384615384615 0.7982062780269058 0.08713942307692307 0.14237668161434977
28 0.5096153846153846 0.8475336322869955 0.09134615384615384 0.17040358744394618
109 0.8100961538461539 0.6816143497757847 0.07692307692307693 0.1804932735426009
20 0.9278846153846154 0.5964125560538116 0.09134615384615384 0.2589686098654709
93 0.7307692307692307 0.22869955156950672 0.09555288461538461 0.27914798206278024
95 0.6346153846153846 0.27802690582959644 0.0967548076923077 0.23318385650224216
131 0.5072115384615384 0.23318385650224216 0.14423076923076922 0.3419282511210762
88 0.39903846153846156 0.2242152466367713 0.09134615384615384 0.2679372197309417
110 0.3389423076923077 0.6143497757847534 0.07692307692307693 0.2589686098654709
67 0.4567307692307692 0.6143497757847534 0.07211538461538461 0.2600896860986547