110 0.07211538461538461 0.8340807174887892 0.08713942307692307 0.23318385650224216
49 0.18509615384615385 0.8475336322869955 0.08233173076923077 0.19730941704035873
172 0.22115384615384615 0.5829596412556054 0.09555288461538461 0.28699551569506726
6 0.29086538461538464 0.8295964125560538 0.07151442307692307 0.16928251121076232
36 0.40865384615384615 0.8026905829596412 0.09134615384615384 0.13565022421524664
28 0.5120192307692307 0.852017937219731 0.09134615384615384 0.17040358744394618
109 0.8173076923076923 0.6860986547085202 0.07692307692307693 0.18834080717488788
20 0.9350961538461539 0.5964125560538116 0.09134615384615384 0.2589686098654709
93 0.7379807692307693 0.2242152466367713 0.09615384615384616 0.28699551569506726
95 0.6370192307692307 0.26905829596412556 0.10036057692307693 0.23430493273542602
131 0.5096153846153846 0.22869955156950672 0.14483173076923078 0.34977578475336324
88 0.4014423076923077 0.21973094170403587 0.09194711538461539 0.26905829596412556
110 0.3389423076923077 0.6143497757847534 0.07692307692307693 0.2600896860986547
67 0.45913461538461536 0.6143497757847534 0.07211538461538461 0.26121076233183854