150 0.3894230769230769 0.4641350210970464 0.07692307692307693 0.23734177215189872
26 0.09615384615384616 0.869198312236287 0.08653846153846154 0.16877637130801687
12 0.18990384615384615 0.8607594936708861 0.09615384615384616 0.21940928270042195
69 0.22115384615384615 0.6540084388185654 0.0859375 0.20991561181434598
10 0.29086538461538464 0.8565400843881856 0.11057692307692307 0.20253164556962025
18 0.3942307692307692 0.8481012658227848 0.07692307692307693 0.1930379746835443
93 0.3245192307692308 0.620253164556962 0.11057692307692307 0.26054852320675104
122 0.4326923076923077 0.6329113924050633 0.08713942307692307 0.25316455696202533
59 0.49759615384615385 0.5316455696202531 0.06310096153846154 0.1940928270042194
33 0.5528846153846154 0.6835443037974683 0.12980769230769232 0.18565400843881857
105 0.5985576923076923 0.4936708860759494 0.12980769230769232 0.21940928270042195
106 0.6634615384615384 0.6582278481012658 0.08713942307692307 0.18565400843881857
45 0.6923076923076923 0.8354430379746836 0.07692307692307693 0.16033755274261605
106 0.8870192307692307 0.8227848101265823 0.09134615384615384 0.1940928270042194