150 0.3798076923076923 0.45147679324894513 0.07692307692307693 0.24472573839662448
26 0.07451923076923077 0.869198312236287 0.0907451923076923 0.169831223628692
12 0.17307692307692307 0.8607594936708861 0.0967548076923077 0.22784810126582278
69 0.20432692307692307 0.6497890295358649 0.08653846153846154 0.2109704641350211
10 0.2764423076923077 0.8523206751054853 0.11538461538461539 0.20358649789029537
18 0.38221153846153844 0.8481012658227848 0.0811298076923077 0.1940928270042194
93 0.31009615384615385 0.6160337552742616 0.11117788461538461 0.2689873417721519
122 0.4230769230769231 0.6244725738396625 0.09134615384615384 0.2616033755274262
59 0.4879807692307692 0.5189873417721519 0.0673076923076923 0.19514767932489452
33 0.5456730769230769 0.679324894514768 0.13040865384615385 0.1930379746835443
105 0.5913461538461539 0.4810126582278481 0.1346153846153846 0.22046413502109705
106 0.6586538461538461 0.6497890295358649 0.09134615384615384 0.18670886075949367
45 0.6875 0.8354430379746836 0.07752403846153846 0.16772151898734178
106 0.8894230769230769 0.8185654008438819 0.09555288461538461 0.20253164556962025