150 0.3894230769230769 0.46835443037974683 0.07692307692307693 0.24367088607594936
26 0.09134615384615384 0.8776371308016878 0.08713942307692307 0.16877637130801687
12 0.1875 0.869198312236287 0.0967548076923077 0.22046413502109705
69 0.21875 0.6582278481012658 0.08233173076923077 0.20358649789029537
10 0.29086538461538464 0.8607594936708861 0.11117788461538461 0.20358649789029537
18 0.3942307692307692 0.8523206751054853 0.07692307692307693 0.18670886075949367
93 0.3245192307692308 0.6244725738396625 0.11057692307692307 0.2616033755274262
122 0.4326923076923077 0.6371308016877637 0.08713942307692307 0.26054852320675104
59 0.49759615384615385 0.5316455696202531 0.06310096153846154 0.20147679324894516
33 0.5552884615384616 0.6877637130801688 0.12980769230769232 0.18565400843881857
105 0.6009615384615384 0.4936708860759494 0.13401442307692307 0.21940928270042195
106 0.6658653846153846 0.6624472573839663 0.0907451923076923 0.18565400843881857
45 0.6947115384615384 0.8396624472573839 0.07692307692307693 0.16033755274261605
106 0.8942307692307693 0.8270042194092827 0.09134615384615384 0.20147679324894516