51 0.9206730769230769 0.8597972972972973 0.12980769230769232 0.28040540540540543
17 0.8125 0.5540540540540541 0.09615384615384616 0.16131756756756757
170 0.6274038461538461 0.4155405405405405 0.1015625 0.2905405405405405
86 0.07451923076923077 0.8614864864864865 0.11117788461538461 0.23733108108108109
98 0.04807692307692308 0.5540540540540541 0.09615384615384616 0.21537162162162163
9 0.10336538461538461 0.17905405405405406 0.08653846153846154 0.22212837837837837
138 0.1971153846153846 0.32094594594594594 0.10096153846153846 0.25084459459459457
98 0.25240384615384615 0.4560810810810811 0.09615384615384616 0.20861486486486486
78 0.37259615384615385 0.43243243243243246 0.09615384615384616 0.25675675675675674
18 0.3557692307692308 0.8783783783783784 0.08713942307692307 0.21537162162162163
139 0.5024038461538461 0.8631756756756757 0.10096153846153846 0.27364864864864863
151 0.46875 0.5743243243243243 0.14903846153846154 0.2964527027027027
148 0.4807692307692308 0.38175675675675674 0.15324519230769232 0.2778716216216216
76 0.5552884615384616 0.543918918918919 0.08173076923076923 0.22297297297297297
35 0.7620192307692307 0.19932432432432431 0.0907451923076923 0.16807432432432431
138 0.8485576923076923 0.23648648648648649 0.09194711538461539 0.27111486486486486