53 0.06009615384615385 0.7803468208092486 0.08233173076923077 0.21820809248554912
31 0.18028846153846154 0.8034682080924855 0.10576923076923077 0.24277456647398843
43 0.2668269230769231 0.653179190751445 0.0673076923076923 0.4263005780346821
94 0.18509615384615385 0.4913294797687861 0.11959134615384616 0.3352601156069364
61 0.31971153846153844 0.4913294797687861 0.0811298076923077 0.3352601156069364
31 0.3918269230769231 0.8034682080924855 0.08653846153846154 0.24421965317919075
3 0.49038461538461536 0.791907514450867 0.0967548076923077 0.24277456647398843
130 0.4375 0.4682080924855491 0.08653846153846154 0.3829479768786127
96 0.49759615384615385 0.30057803468208094 0.07692307692307693 0.31213872832369943
93 0.5552884615384616 0.48554913294797686 0.0907451923076923 0.4393063583815029
118 0.6778846153846154 0.5028901734104047 0.08713942307692307 0.3352601156069364
25 0.7932692307692307 0.5491329479768786 0.07632211538461539 0.2658959537572254
70 0.9206730769230769 0.5433526011560693 0.10096153846153846 0.4393063583815029