53 0.06971153846153846 0.7790697674418605 0.08233173076923077 0.21075581395348839
31 0.18990384615384615 0.8023255813953488 0.10576923076923077 0.2441860465116279
43 0.27403846153846156 0.6511627906976745 0.0673076923076923 0.42005813953488375
94 0.19471153846153846 0.4883720930232558 0.11538461538461539 0.3372093023255814
61 0.3269230769230769 0.4883720930232558 0.07752403846153846 0.32703488372093026
31 0.39903846153846156 0.7965116279069767 0.08653846153846154 0.2441860465116279
3 0.4951923076923077 0.7906976744186046 0.09615384615384616 0.23401162790697674
130 0.44471153846153844 0.46511627906976744 0.08653846153846154 0.3938953488372093
96 0.5048076923076923 0.29651162790697677 0.07692307692307693 0.313953488372093
93 0.5625 0.48255813953488375 0.08713942307692307 0.4316860465116279
118 0.6826923076923077 0.5 0.08713942307692307 0.3372093023255814
25 0.7980769230769231 0.5465116279069767 0.07632211538461539 0.26744186046511625
70 0.9254807692307693 0.5348837209302325 0.10096153846153846 0.4418604651162791