53 0.06987951807228916 0.7790697674418605 0.0819277108433735 0.21075581395348839
31 0.19036144578313252 0.7965116279069767 0.10180722891566266 0.24273255813953487
43 0.2746987951807229 0.6511627906976745 0.06746987951807229 0.4186046511627907
94 0.19518072289156627 0.4883720930232558 0.11566265060240964 0.3372093023255814
61 0.327710843373494 0.4883720930232558 0.07771084337349397 0.32703488372093026
31 0.4 0.7965116279069767 0.08674698795180723 0.2441860465116279
3 0.4963855421686747 0.7906976744186046 0.0963855421686747 0.23401162790697674
130 0.4433734939759036 0.46511627906976744 0.08674698795180723 0.38372093023255816
96 0.5036144578313253 0.3023255813953488 0.07710843373493977 0.313953488372093
93 0.5614457831325301 0.48255813953488375 0.09096385542168675 0.4316860465116279
118 0.6819277108433734 0.5 0.09096385542168675 0.3372093023255814
25 0.7975903614457831 0.5465116279069767 0.07228915662650602 0.25726744186046513
70 0.9228915662650602 0.5348837209302325 0.10120481927710843 0.4418604651162791