49 0.09134615384615384 0.7792207792207793 0.0967548076923077 0.1645021645021645
18 0.1875 0.7835497835497836 0.07752403846153846 0.2077922077922078
87 0.40625 0.8095238095238095 0.14002403846153846 0.21536796536796537
87 0.21394230769230768 0.5974025974025974 0.11117788461538461 0.2261904761904762
92 0.3245192307692308 0.5454545454545454 0.10997596153846154 0.3116883116883117
61 0.44471153846153844 0.5584415584415584 0.07271634615384616 0.25
35 0.5024038461538461 0.42857142857142855 0.0673076923076923 0.19805194805194806
130 0.5673076923076923 0.5670995670995671 0.07692307692307693 0.3463203463203463
94 0.6826923076923077 0.5454545454545454 0.14362980769230768 0.22510822510822512
119 0.7163461538461539 0.7402597402597403 0.0859375 0.25
86 0.7932692307692307 0.5887445887445888 0.07692307692307693 0.22510822510822512
90 0.9206730769230769 0.7835497835497836 0.10096153846153846 0.33766233766233766