131 0.6682692307692307 0.4126984126984127 0.1544471153846154 0.31746031746031744
133 0.41346153846153844 0.46825396825396826 0.24519230769230768 0.29365079365079366
74 0.40384615384615385 0.7579365079365079 0.14903846153846154 0.23809523809523808
172 0.14423076923076922 0.753968253968254 0.10516826923076923 0.2708333333333333
100 0.2283653846153846 0.4365079365079365 0.10576923076923077 0.26884920634920634
90 0.18269230769230768 0.3055555555555556 0.08653846153846154 0.2152777777777778
120 0.34615384615384615 0.11904761904761904 0.0859375 0.18253968253968253
92 0.39663461538461536 0.20238095238095238 0.10036057692307693 0.19047619047619047
117 0.4951923076923077 0.34523809523809523 0.09615384615384616 0.24603174603174602
115 0.5384615384615384 0.25793650793650796 0.08653846153846154 0.15079365079365079
97 0.4855769230769231 0.1388888888888889 0.08173076923076923 0.16567460317460317
130 0.5384615384615384 0.09126984126984126 0.09555288461538461 0.18253968253968253
63 0.625 0.0992063492063492 0.0859375 0.1974206349206349
118 0.43990384615384615 0.0873015873015873 0.08173076923076923 0.1736111111111111
109 0.5985576923076923 0.8253968253968254 0.11538461538461539 0.21428571428571427
15 0.8293269230769231 0.8174603174603174 0.10036057692307693 0.19047619047619047
29 0.7115384615384616 0.05952380952380952 0.06790865384615384 0.11805555555555555