51 0.9314903846153846 0.8597972972972973 0.13221153846153846 0.28040540540540543
17 0.8245192307692307 0.5506756756756757 0.09615384615384616 0.16216216216216217
170 0.6346153846153846 0.41216216216216217 0.10576923076923077 0.2964527027027027
86 0.07211538461538461 0.8648648648648649 0.11478365384615384 0.24324324324324326
98 0.04807692307692308 0.5506756756756757 0.09555288461538461 0.21621621621621623
9 0.10096153846153846 0.17229729729729729 0.08653846153846154 0.22297297297297297
138 0.19951923076923078 0.3141891891891892 0.10096153846153846 0.25675675675675674
98 0.25240384615384615 0.4527027027027027 0.10036057692307693 0.20945945945945946
78 0.37740384615384615 0.42905405405405406 0.09615384615384616 0.2626689189189189
18 0.3581730769230769 0.8783783783783784 0.0907451923076923 0.21621621621621623
139 0.5060096153846154 0.8631756756756757 0.10336538461538461 0.27364864864864863
151 0.4735576923076923 0.5743243243243243 0.14963942307692307 0.2981418918918919
148 0.4879807692307692 0.3783783783783784 0.15384615384615385 0.28378378378378377
76 0.5625 0.5405405405405406 0.08173076923076923 0.22888513513513514
35 0.7716346153846154 0.1891891891891892 0.09134615384615384 0.16891891891891891
138 0.8605769230769231 0.22635135135135134 0.09555288461538461 0.2778716216216216