122 0.8461538461538461 0.8566176470588235 0.09134615384615384 0.2858455882352941
69 0.7548076923076923 0.7352941176470589 0.07692307692307693 0.25
93 0.6995192307692307 0.8455882352941176 0.09615384615384616 0.3088235294117647
94 0.5649038461538461 0.8915441176470589 0.14903846153846154 0.21691176470588236
91 0.4206730769230769 0.8639705882352942 0.11959134615384616 0.27205882352941174
88 0.3629807692307692 0.7316176470588235 0.0907451923076923 0.2417279411764706
45 0.1658653846153846 0.14338235294117646 0.10096153846153846 0.19944852941176472
104 0.3485576923076923 0.4411764705882353 0.3269230769230769 0.27849264705882354
47 0.28846153846153844 0.15441176470588236 0.13521634615384615 0.234375
105 0.5817307692307693 0.13970588235294118 0.14903846153846154 0.27849264705882354
47 0.7548076923076923 0.08823529411764706 0.11538461538461539 0.17555147058823528
179 0.5456730769230769 0.4485294117647059 0.07692307692307693 0.17738970588235295
99 0.43990384615384615 0.29044117647058826 0.125 0.14705882352941177
72 0.6706730769230769 0.45955882352941174 0.21153846153846154 0.29411764705882354