122 0.8149038461538461 0.8492647058823529 0.09134615384615384 0.27297794117647056
69 0.7259615384615384 0.7316176470588235 0.07692307692307693 0.2426470588235294
93 0.6694711538461539 0.84375 0.09375 0.3125
94 0.5384615384615384 0.8897058823529411 0.14423076923076922 0.22058823529411764
91 0.39663461538461536 0.8621323529411765 0.11538461538461539 0.2757352941176471
88 0.34134615384615385 0.7279411764705882 0.08653846153846154 0.23529411764705882
45 0.1466346153846154 0.15073529411764705 0.10036057692307693 0.19852941176470587
104 0.3269230769230769 0.4411764705882353 0.31790865384615385 0.27205882352941174
47 0.2692307692307692 0.16544117647058823 0.1346153846153846 0.2270220588235294
105 0.5552884615384616 0.14338235294117646 0.14423076923076922 0.2858455882352941
47 0.7235576923076923 0.09926470588235294 0.11117788461538461 0.16911764705882354
179 0.5192307692307693 0.4522058823529412 0.07632211538461539 0.17647058823529413
99 0.4182692307692308 0.29411764705882354 0.12439903846153846 0.14613970588235295
72 0.6442307692307693 0.4632352941176471 0.20673076923076922 0.2931985294117647