122 0.8245192307692307 0.8529411764705882 0.0907451923076923 0.27849264705882354
69 0.7355769230769231 0.7352941176470589 0.07692307692307693 0.2426470588235294
93 0.6826923076923077 0.8455882352941176 0.09555288461538461 0.3088235294117647
94 0.5504807692307693 0.8915441176470589 0.14423076923076922 0.21691176470588236
91 0.4074519230769231 0.8658088235294118 0.11298076923076923 0.26838235294117646
88 0.35336538461538464 0.7316176470588235 0.08653846153846154 0.23529411764705882
45 0.16105769230769232 0.15808823529411764 0.10036057692307693 0.19761029411764705
104 0.3389423076923077 0.4485294117647059 0.3215144230769231 0.27205882352941174
47 0.28125 0.16911764705882354 0.1346153846153846 0.22150735294117646
105 0.5673076923076923 0.15073529411764705 0.14423076923076922 0.27941176470588236
47 0.7355769230769231 0.10661764705882353 0.11478365384615384 0.16819852941176472
179 0.53125 0.45588235294117646 0.07271634615384616 0.17647058823529413
99 0.43028846153846156 0.3014705882352941 0.12079326923076923 0.14613970588235295
72 0.6538461538461539 0.46691176470588236 0.20673076923076922 0.2867647058823529