33 0.36778846153846156 0.4548736462093863 0.09615384615384616 0.15162454873646208
51 0.5192307692307693 0.44765342960288806 0.0625 0.16606498194945848
27 0.6225961538461539 0.3898916967509025 0.08653846153846154 0.14350180505415164
45 0.24278846153846154 0.5342960288808665 0.09134615384615384 0.13086642599277978
18 0.6370192307692307 0.5451263537906137 0.05228365384615385 0.1299638989169675
57 0.31009615384615385 0.7328519855595668 0.06310096153846154 0.11552346570397112
36 0.3942307692307692 0.7148014440433214 0.07211538461538461 0.1299638989169675
31 0.47836538461538464 0.7111913357400722 0.06310096153846154 0.09476534296028881
6 0.5456730769230769 0.7256317689530686 0.052884615384615384 0.11552346570397112
49 0.6225961538461539 0.7364620938628159 0.0673076923076923 0.12906137184115524
57 0.6995192307692307 0.7328519855595668 0.052884615384615384 0.12274368231046931
28 0.7740384615384616 0.740072202166065 0.07692307692307693 0.1371841155234657
18 0.23557692307692307 0.7364620938628159 0.0673076923076923 0.1371841155234657
33 0.16346153846153846 0.7364620938628159 0.07752403846153846 0.12906137184115524
31 0.5576923076923077 0.5306859205776173 0.048677884615384616 0.08032490974729242