161 0.3894230769230769 0.33047210300429186 0.057692307692307696 0.11158798283261803
106 0.5072115384615384 0.296137339055794 0.0625 0.13733905579399142
111 0.6225961538461539 0.30042918454935624 0.04807692307692308 0.12124463519313304
82 0.6778846153846154 0.19742489270386265 0.04326923076923077 0.11158798283261803
82 0.6418269230769231 0.15021459227467812 0.04266826923076923 0.1276824034334764
48 0.5985576923076923 0.1072961373390558 0.04266826923076923 0.060085836909871244
24 0.5528846153846154 0.09871244635193133 0.0390625 0.0944206008583691
24 0.5072115384615384 0.09871244635193133 0.04266826923076923 0.0944206008583691
21 0.36538461538461536 0.07725321888412018 0.047475961538461536 0.08476394849785408
21 0.41346153846153844 0.08583690987124463 0.029447115384615384 0.05150214592274678
85 0.4206730769230769 0.1630901287553648 0.043870192307692304 0.11158798283261803
48 0.3701923076923077 0.16738197424892703 0.04326923076923077 0.09334763948497854
50 0.6875 0.07296137339055794 0.04807692307692308 0.12017167381974249
168 0.3125 0.1459227467811159 0.048677884615384616 0.13841201716738197
2 0.45913461538461536 0.0944206008583691 0.05228365384615385 0.10193133047210301