118 0.5360576923076923 0.36462093862815886 0.05348557692307692 0.13628158844765342
94 0.31971153846153844 0.3574007220216607 0.08233173076923077 0.16606498194945848
106 0.3125 0.5018050541516246 0.09134615384615384 0.1444043321299639
92 0.43028846153846156 0.4296028880866426 0.0811298076923077 0.13808664259927797
27 0.7211538461538461 0.4223826714801444 0.07632211538461539 0.12274368231046931
51 0.6706730769230769 0.5703971119133574 0.0625 0.14530685920577618
49 0.15625 0.6931407942238267 0.07151442307692307 0.10830324909747292
18 0.22596153846153846 0.6967509025270758 0.05709134615384615 0.12364620938628158
18 0.30288461538461536 0.6967509025270758 0.05709134615384615 0.12364620938628158
36 0.38461538461538464 0.6750902527075813 0.06670673076923077 0.08032490974729242
57 0.4519230769230769 0.6931407942238267 0.057692307692307696 0.11462093862815885
6 0.5264423076923077 0.6895306859205776 0.05228365384615385 0.10740072202166065
49 0.6033653846153846 0.6967509025270758 0.05228365384615385 0.10740072202166065
28 0.6778846153846154 0.703971119133574 0.06670673076923077 0.11552346570397112
27 0.7475961538461539 0.6750902527075813 0.07692307692307693 0.15072202166064982