2 0.3269230769230769 0.5631768953068592 0.05829326923076923 0.15162454873646208
82 0.23557692307692307 0.5740072202166066 0.048677884615384616 0.13808664259927797
145 0.6610576923076923 0.5848375451263538 0.06310096153846154 0.1371841155234657
110 0.7427884615384616 0.592057761732852 0.04807692307692308 0.157942238267148
101 0.6033653846153846 0.3935018050541516 0.10096153846153846 0.09386281588447654
106 0.4543269230769231 0.36462093862815886 0.04807692307692308 0.15162454873646208
78 0.49278846153846156 0.2996389891696751 0.05348557692307692 0.13808664259927797
98 0.5673076923076923 0.2924187725631769 0.052884615384615384 0.12364620938628158
112 0.4230769230769231 0.2779783393501805 0.05709134615384615 0.18050541516245489
111 0.3076923076923077 0.36462093862815886 0.047475961538461536 0.1651624548736462
98 0.34375 0.3104693140794224 0.052884615384615384 0.1299638989169675
47 0.38221153846153844 0.26714801444043323 0.052884615384615384 0.10830324909747292
76 0.49278846153846156 0.17328519855595667 0.05228365384615385 0.1299638989169675
9 0.5889423076923077 0.1552346570397112 0.04266826923076923 0.1092057761732852
47 0.27403846153846156 0.10830324909747292 0.0625 0.07129963898916968
77 0.3269230769230769 0.08303249097472924 0.038461538461538464 0.10830324909747292
77 0.3918269230769231 0.148014440433213 0.04807692307692308 0.10740072202166065
17 0.37740384615384615 0.08664259927797834 0.03365384615384615 0.07310469314079422
17 0.43990384615384615 0.09386281588447654 0.024639423076923076 0.07220216606498195
16 0.49278846153846156 0.08664259927797834 0.034254807692307696 0.07220216606498195
16 0.5480769230769231 0.09386281588447654 0.03365384615384615 0.07942238267148015
76 0.6033653846153846 0.08664259927797834 0.038461538461538464 0.10198555956678701
51 0.65625 0.08664259927797834 0.04326923076923077 0.10018050541516245
112 0.7115384615384616 0.07942238267148015 0.04807692307692308 0.12906137184115524
101 0.15625 0.703971119133574 0.10576923076923077 0.1651624548736462
40 0.2283653846153846 0.7075812274368231 0.07271634615384616 0.1164259927797834
111 0.2980769230769231 0.6931407942238267 0.06790865384615384 0.1299638989169675
50 0.3701923076923077 0.7003610108303249 0.05709134615384615 0.10830324909747292
109 0.4519230769230769 0.7220216606498195 0.0625 0.11462093862815885
45 0.5240384615384616 0.703971119133574 0.05709134615384615 0.08664259927797834
42 0.59375 0.7075812274368231 0.038461538461538464 0.10018050541516245
49 0.6706730769230769 0.7220216606498195 0.043870192307692304 0.10198555956678701
42 0.7475961538461539 0.7075812274368231 0.034254807692307696 0.09386281588447654