50 0.6754807692307693 0.6967509025270758 0.0625 0.12184115523465704
40 0.21875 0.7184115523465704 0.10036057692307693 0.16696750902527077
22 0.3701923076923077 0.5234657039711191 0.08173076923076923 0.13628158844765342
52 0.47596153846153844 0.4584837545126354 0.07692307692307693 0.11552346570397112
34 0.6081730769230769 0.5342960288808665 0.07211538461538461 0.12906137184115524
23 0.1346153846153846 0.7075812274368231 0.0673076923076923 0.12906137184115524
17 0.29086538461538464 0.6967509025270758 0.057692307692307696 0.11552346570397112
19 0.3701923076923077 0.7003610108303249 0.057692307692307696 0.12906137184115524
46 0.44471153846153844 0.7111913357400722 0.057692307692307696 0.10108303249097472
24 0.4855769230769231 0.5992779783393501 0.057692307692307696 0.13086642599277978
7 0.5216346153846154 0.7111913357400722 0.04807692307692308 0.10830324909747292
35 0.6033653846153846 0.703971119133574 0.10096153846153846 0.1092057761732852
37 0.7524038461538461 0.703971119133574 0.052884615384615384 0.12364620938628158