104 0.5 0.2703862660944206 0.052884615384615384 0.18025751072961374
10 0.5889423076923077 0.27467811158798283 0.04326923076923077 0.12017167381974249
86 0.6153846153846154 0.18454935622317598 0.04807692307692308 0.1298283261802575
66 0.6730769230769231 0.20600858369098712 0.04326923076923077 0.12875536480686695
10 0.4519230769230769 0.09871244635193133 0.04326923076923077 0.10300429184549356
26 0.3605769230769231 0.11158798283261803 0.047475961538461536 0.08583690987124463
154 0.3269230769230769 0.19313304721030042 0.05709134615384615 0.16416309012875535
32 0.40384615384615385 0.09871244635193133 0.04326923076923077 0.11158798283261803
32 0.40625 0.26609442060085836 0.04807692307692308 0.13841201716738197
91 0.5072115384615384 0.1459227467811159 0.07151442307692307 0.06974248927038626
26 0.31490384615384615 0.11158798283261803 0.04266826923076923 0.08476394849785408