12 0.5096153846153846 0.3212996389891697 0.08653846153846154 0.11552346570397112
51 0.4326923076923077 0.296028880866426 0.0673076923076923 0.12906137184115524
54 0.2620192307692308 0.23465703971119134 0.061899038461538464 0.15252707581227437
15 0.40384615384615385 0.13357400722021662 0.052884615384615384 0.11552346570397112
12 0.6201923076923077 0.09747292418772563 0.07692307692307693 0.07220216606498195
53 0.6634615384615384 0.13357400722021662 0.038461538461538464 0.12184115523465704
3 0.5336538461538461 0.1371841155234657 0.04807692307692308 0.10198555956678701
42 0.5576923076923077 0.07942238267148015 0.0390625 0.08574007220216606
42 0.5 0.08303249097472924 0.0390625 0.09386281588447654
54 0.4495192307692308 0.08303249097472924 0.04266826923076923 0.08664259927797834
84 0.3557692307692308 0.30685920577617326 0.048677884615384616 0.10830324909747292
73 0.6466346153846154 0.3176895306859206 0.057692307692307696 0.11462093862815885
53 0.7211538461538461 0.07581227436823104 0.03786057692307692 0.08032490974729242