104 0.5024038461538461 0.24034334763948498 0.052884615384615384 0.18025751072961374
10 0.59375 0.2446351931330472 0.04326923076923077 0.12017167381974249
86 0.6177884615384616 0.15021459227467812 0.05228365384615385 0.13733905579399142
66 0.6778846153846154 0.17167381974248927 0.04326923076923077 0.12875536480686695
10 0.4543269230769231 0.06437768240343347 0.04326923076923077 0.10300429184549356
26 0.3629807692307692 0.07725321888412018 0.043870192307692304 0.08583690987124463
154 0.3269230769230769 0.15879828326180256 0.057692307692307696 0.17167381974248927
32 0.40625 0.06437768240343347 0.04326923076923077 0.11158798283261803
32 0.40865384615384615 0.2317596566523605 0.04807692307692308 0.13841201716738197
91 0.5096153846153846 0.11158798283261803 0.06790865384615384 0.06974248927038626
26 0.31490384615384615 0.07725321888412018 0.04266826923076923 0.08583690987124463