87 0.3125 0.15450643776824036 0.04807692307692308 0.15343347639484978
15 0.37259615384615385 0.13304721030042918 0.04807692307692308 0.12017167381974249
20 0.33653846153846156 0.1888412017167382 0.04807692307692308 0.11909871244635194
82 0.6490384615384616 0.13733905579399142 0.047475961538461536 0.12124463519313304
71 0.4254807692307692 0.1459227467811159 0.04807692307692308 0.0944206008583691
101 0.4495192307692308 0.3133047210300429 0.08173076923076923 0.1298283261802575
106 0.5120192307692307 0.2875536480686695 0.052884615384615384 0.14484978540772533
111 0.5673076923076923 0.296137339055794 0.05709134615384615 0.12875536480686695
45 0.6057692307692307 0.0815450643776824 0.038461538461538464 0.07832618025751073
103 0.6971153846153846 0.07725321888412018 0.0390625 0.0944206008583691
42 0.6490384615384616 0.055793991416309016 0.04326923076923077 0.05150214592274678