125 0.44711538461538464 0.3076923076923077 0.057692307692307696 0.20405982905982906
90 0.375 0.3034188034188034 0.05709134615384615 0.1452991452991453
174 0.3269230769230769 0.1752136752136752 0.04326923076923077 0.1452991452991453
109 0.30288461538461536 0.1623931623931624 0.0390625 0.05982905982905983
48 0.3173076923076923 0.08547008547008547 0.038461538461538464 0.03418803418803419
59 0.3605769230769231 0.0811965811965812 0.047475961538461536 0.10256410256410256
25 0.40865384615384615 0.08547008547008547 0.04326923076923077 0.1014957264957265
110 0.4735576923076923 0.13675213675213677 0.043870192307692304 0.13568376068376067
26 0.5961538461538461 0.10256410256410256 0.047475961538461536 0.08547008547008547
67 0.5552884615384616 0.20085470085470086 0.04326923076923077 0.1111111111111111
92 0.5625 0.32051282051282054 0.04807692307692308 0.11965811965811966
114 0.6394230769230769 0.13247863247863248 0.038461538461538464 0.14423076923076922
109 0.6899038461538461 0.09829059829059829 0.04326923076923077 0.05982905982905983