92 0.4326923076923077 0.2905982905982906 0.04807692307692308 0.15491452991452992
117 0.31490384615384615 0.31196581196581197 0.057692307692307696 0.1452991452991453
115 0.5817307692307693 0.21367521367521367 0.0390625 0.18696581196581197
63 0.49759615384615385 0.18376068376068377 0.052884615384615384 0.1111111111111111
83 0.6177884615384616 0.2948717948717949 0.043870192307692304 0.1282051282051282
76 0.6346153846153846 0.11538461538461539 0.0390625 0.1452991452991453
86 0.35336538461538464 0.11965811965811966 0.043870192307692304 0.13675213675213677
103 0.2980769230769231 0.12393162393162394 0.047475961538461536 0.14423076923076922
54 0.40384615384615385 0.07264957264957266 0.04326923076923077 0.08547008547008547
42 0.4495192307692308 0.0811965811965812 0.038461538461538464 0.09401709401709402
118 0.5769230769230769 0.1111111111111111 0.04326923076923077 0.10363247863247864