147 0.30528846153846156 0.2532188841201717 0.057692307692307696 0.1459227467811159
177 0.4206730769230769 0.2145922746781116 0.05348557692307692 0.1630901287553648
27 0.5865384615384616 0.14163090128755365 0.03786057692307692 0.14484978540772533
90 0.6033653846153846 0.34334763948497854 0.04807692307692308 0.1555793991416309
125 0.5408653846153846 0.3648068669527897 0.05348557692307692 0.1963519313304721
114 0.2956730769230769 0.5579399141630901 0.05348557692307692 0.12875536480686695
174 0.6730769230769231 0.49356223175965663 0.0390625 0.1791845493562232
105 0.6875 0.2832618025751073 0.04807692307692308 0.17060085836909872
19 0.43509615384615385 0.6051502145922747 0.04326923076923077 0.16201716738197425
110 0.5048076923076923 0.5836909871244635 0.048677884615384616 0.1555793991416309
67 0.43990384615384615 0.43776824034334766 0.04807692307692308 0.11158798283261803
92 0.40625 0.36909871244635195 0.05228365384615385 0.12124463519313304
106 0.5 0.2832618025751073 0.038461538461538464 0.12124463519313304
109 0.7091346153846154 0.6008583690987125 0.05228365384615385 0.12124463519313304
132 0.36778846153846156 0.13304721030042918 0.05228365384615385 0.11266094420600858