94 0.31490384615384615 0.36101083032490977 0.1015625 0.17418772563176896
92 0.4182692307692308 0.44765342960288806 0.07632211538461539 0.13086642599277978
118 0.5240384615384616 0.37545126353790614 0.05829326923076923 0.12906137184115524
106 0.30288461538461536 0.516245487364621 0.09615384615384616 0.1299638989169675
27 0.7115384615384616 0.4368231046931408 0.07692307692307693 0.13808664259927797
51 0.6610576923076923 0.5848375451263538 0.061899038461538464 0.15162454873646208
49 0.14423076923076922 0.7111913357400722 0.07632211538461539 0.10830324909747292
18 0.21634615384615385 0.7148014440433214 0.0625 0.1299638989169675
18 0.29086538461538464 0.7111913357400722 0.057692307692307696 0.12364620938628158
36 0.375 0.6895306859205776 0.0625 0.08664259927797834
57 0.44471153846153844 0.7111913357400722 0.061899038461538464 0.1092057761732852
6 0.5216346153846154 0.703971119133574 0.04807692307692308 0.10740072202166065
49 0.5961538461538461 0.7111913357400722 0.052884615384615384 0.10830324909747292
28 0.6706730769230769 0.7184115523465704 0.06310096153846154 0.10740072202166065
27 0.7427884615384616 0.703971119133574 0.07151442307692307 0.13628158844765342