94 0.3317307692307692 0.36101083032490977 0.12980769230769232 0.1723826714801444
118 0.5408653846153846 0.37184115523465705 0.061899038461538464 0.1299638989169675
92 0.4375 0.4404332129963899 0.07211538461538461 0.12906137184115524
106 0.32211538461538464 0.5054151624548736 0.08713942307692307 0.1371841155234657
27 0.7259615384615384 0.4368231046931408 0.06670673076923077 0.11552346570397112
51 0.6754807692307693 0.5740072202166066 0.05348557692307692 0.13808664259927797
49 0.16826923076923078 0.7003610108303249 0.07211538461538461 0.10198555956678701
18 0.23557692307692307 0.703971119133574 0.057692307692307696 0.12184115523465704
18 0.31009615384615385 0.7003610108303249 0.057692307692307696 0.12906137184115524
36 0.3918269230769231 0.6750902527075813 0.0673076923076923 0.09296028880866426
57 0.45913461538461536 0.6967509025270758 0.057692307692307696 0.12274368231046931
6 0.53125 0.6895306859205776 0.06310096153846154 0.1092057761732852
49 0.6105769230769231 0.7003610108303249 0.04807692307692308 0.10108303249097472
28 0.6802884615384616 0.7075812274368231 0.061899038461538464 0.10108303249097472
27 0.7524038461538461 0.6750902527075813 0.07271634615384616 0.1444043321299639