116 0.3317307692307692 0.19230769230769232 0.04326923076923077 0.1452991452991453
92 0.5625 0.3162393162393162 0.04807692307692308 0.11965811965811966
67 0.6370192307692307 0.14957264957264957 0.04266826923076923 0.1111111111111111
4 0.4423076923076923 0.3076923076923077 0.04326923076923077 0.13675213675213677
29 0.38221153846153844 0.3076923076923077 0.04266826923076923 0.1111111111111111
13 0.2283653846153846 0.6923076923076923 0.0673076923076923 0.1014957264957265
13 0.29086538461538464 0.688034188034188 0.0625 0.11004273504273504
77 0.29086538461538464 0.5769230769230769 0.043870192307692304 0.11965811965811966
98 0.30288461538461536 0.4230769230769231 0.047475961538461536 0.1794871794871795
73 0.3485576923076923 0.3717948717948718 0.05228365384615385 0.08547008547008547
179 0.3629807692307692 0.44017094017094016 0.05348557692307692 0.11965811965811966
68 0.40625 0.38461538461538464 0.04266826923076923 0.11965811965811966
49 0.5288461538461539 0.1623931623931624 0.038461538461538464 0.09401709401709402
4 0.3317307692307692 0.08974358974358974 0.03786057692307692 0.05982905982905983
109 0.30528846153846156 0.17094017094017094 0.033052884615384616 0.06837606837606838
29 0.4014423076923077 0.6666666666666666 0.07271634615384616 0.1282051282051282