87 0.30288461538461536 0.1630901287553648 0.04807692307692308 0.15343347639484978
15 0.3629807692307692 0.14163090128755365 0.04807692307692308 0.12017167381974249
20 0.3269230769230769 0.19742489270386265 0.04807692307692308 0.11909871244635194
82 0.6370192307692307 0.1459227467811159 0.043870192307692304 0.12124463519313304
71 0.41586538461538464 0.15021459227467812 0.04807692307692308 0.0944206008583691
101 0.4375 0.31759656652360513 0.08173076923076923 0.13626609442060086
106 0.5 0.2918454935622318 0.052884615384615384 0.13733905579399142
111 0.5552884615384616 0.30472103004291845 0.052884615384615384 0.12875536480686695
45 0.59375 0.08583690987124463 0.038461538461538464 0.08476394849785408
103 0.6850961538461539 0.08583690987124463 0.04266826923076923 0.0944206008583691
42 0.6394230769230769 0.060085836909871244 0.04326923076923077 0.05150214592274678