101 0.44471153846153844 0.3333333333333333 0.057692307692307696 0.08440170940170941
106 0.5072115384615384 0.2863247863247863 0.057692307692307696 0.14423076923076922
111 0.5649038461538461 0.2905982905982906 0.043870192307692304 0.12072649572649573
82 0.6442307692307693 0.13247863247863248 0.04326923076923077 0.12713675213675213
21 0.6923076923076923 0.07692307692307693 0.04326923076923077 0.10256410256410256
21 0.6466346153846154 0.0641025641025641 0.04266826923076923 0.07799145299145299
45 0.5528846153846154 0.07692307692307693 0.04326923076923077 0.08653846153846154
71 0.41586538461538464 0.13675213675213677 0.04326923076923077 0.08653846153846154
15 0.36538461538461536 0.13675213675213677 0.0390625 0.08653846153846154
20 0.3317307692307692 0.1794871794871795 0.047475961538461536 0.10363247863247864
87 0.30528846153846156 0.14102564102564102 0.05228365384615385 0.12927350427350429
50 0.5961538461538461 0.07692307692307693 0.03365384615384615 0.08653846153846154