120 0.34134615384615385 0.6909871244635193 0.052884615384615384 0.14484978540772533
68 0.5408653846153846 0.6909871244635193 0.05348557692307692 0.11158798283261803
55 0.7355769230769231 0.6995708154506438 0.0390625 0.11158798283261803
76 0.2764423076923077 0.6866952789699571 0.057692307692307696 0.1459227467811159
91 0.21153846153846154 0.6824034334763949 0.06670673076923077 0.14484978540772533
82 0.3173076923076923 0.41201716738197425 0.0625 0.15450643776824036
80 0.6730769230769231 0.33047210300429186 0.04326923076923077 0.17167381974248927
61 0.3798076923076923 0.4248927038626609 0.04807692307692308 0.12017167381974249
64 0.5432692307692307 0.351931330472103 0.052884615384615384 0.1630901287553648
73 0.5432692307692307 0.5150214592274678 0.06790865384615384 0.12875536480686695
109 0.7067307692307693 0.4592274678111588 0.048677884615384616 0.09549356223175966
93 0.46634615384615385 0.6738197424892703 0.08173076923076923 0.19742489270386265
56 0.6009615384615384 0.7081545064377682 0.0625 0.16201716738197425
56 0.6754807692307693 0.7081545064377682 0.07151442307692307 0.14484978540772533