120 0.3293269230769231 0.7124463519313304 0.052884615384615384 0.13841201716738197
68 0.5288461538461539 0.7124463519313304 0.05709134615384615 0.11158798283261803
55 0.7259615384615384 0.721030042918455 0.0390625 0.11158798283261803
76 0.2644230769230769 0.7081545064377682 0.057692307692307696 0.1459227467811159
91 0.20192307692307693 0.7081545064377682 0.06670673076923077 0.14484978540772533
82 0.30528846153846156 0.4334763948497854 0.0625 0.15450643776824036
80 0.6634615384615384 0.351931330472103 0.04326923076923077 0.17167381974248927
61 0.3701923076923077 0.44635193133047213 0.04807692307692308 0.12017167381974249
64 0.5336538461538461 0.37339055793991416 0.052884615384615384 0.1630901287553648
73 0.5336538461538461 0.5407725321888412 0.06790865384615384 0.12875536480686695
109 0.6971153846153846 0.48068669527896996 0.048677884615384616 0.10193133047210301
93 0.4543269230769231 0.6952789699570815 0.08173076923076923 0.19742489270386265
56 0.5913461538461539 0.7296137339055794 0.0625 0.1555793991416309
56 0.6634615384615384 0.7296137339055794 0.06790865384615384 0.13841201716738197