56 0.49759615384615385 0.3162393162393162 0.04807692307692308 0.11858974358974358
101 0.5576923076923077 0.3247863247863248 0.05829326923076923 0.10363247863247864
49 0.5216346153846154 0.15384615384615385 0.043870192307692304 0.1014957264957265
31 0.5793269230769231 0.14957264957264957 0.04266826923076923 0.09508547008547008
85 0.6298076923076923 0.14102564102564102 0.047475961538461536 0.1452991452991453
50 0.49278846153846156 0.0811965811965812 0.034254807692307696 0.08547008547008547
21 0.5408653846153846 0.08974358974358974 0.03365384615384615 0.09294871794871795
9 0.5913461538461539 0.08974358974358974 0.029447115384615384 0.09401709401709402
20 0.4495192307692308 0.08547008547008547 0.04266826923076923 0.10256410256410256
46 0.31490384615384615 0.08547008547008547 0.034254807692307696 0.09401709401709402
45 0.6370192307692307 0.07264957264957266 0.04326923076923077 0.07799145299145299