94 0.31490384615384615 0.36101083032490977 0.10036057692307693 0.18050541516245489
118 0.5384615384615384 0.37545126353790614 0.057692307692307696 0.13086642599277978
92 0.42788461538461536 0.4404332129963899 0.0673076923076923 0.1299638989169675
106 0.31009615384615385 0.5126353790613718 0.09615384615384616 0.13086642599277978
27 0.7235576923076923 0.4332129963898917 0.0811298076923077 0.14350180505415164
51 0.6730769230769231 0.5812274368231047 0.057692307692307696 0.15162454873646208
49 0.15144230769230768 0.7111913357400722 0.07151442307692307 0.10740072202166065
18 0.22355769230769232 0.7148014440433214 0.057692307692307696 0.12906137184115524
18 0.3004807692307692 0.7148014440433214 0.061899038461538464 0.12906137184115524
36 0.38461538461538464 0.6895306859205776 0.07692307692307693 0.08664259927797834
57 0.4519230769230769 0.7111913357400722 0.05709134615384615 0.1092057761732852
6 0.53125 0.703971119133574 0.04807692307692308 0.1092057761732852
6 0.6081730769230769 0.7148014440433214 0.052884615384615384 0.10830324909747292
28 0.6802884615384616 0.7220216606498195 0.06310096153846154 0.11552346570397112
27 0.7548076923076923 0.7003610108303249 0.07211538461538461 0.1371841155234657