31 0.46875 0.6823104693140795 0.07692307692307693 0.16696750902527077
33 0.3581730769230769 0.4548736462093863 0.08173076923076923 0.14350180505415164
45 0.2403846153846154 0.5306859205776173 0.07692307692307693 0.10830324909747292
51 0.5072115384615384 0.44404332129963897 0.05348557692307692 0.15252707581227437
27 0.6057692307692307 0.38267148014440433 0.06790865384615384 0.12906137184115524
18 0.625 0.5379061371841155 0.04326923076923077 0.12184115523465704
31 0.5504807692307693 0.5234657039711191 0.057692307692307696 0.08032490974729242
33 0.16826923076923078 0.7220216606498195 0.07692307692307693 0.12274368231046931
18 0.23557692307692307 0.7220216606498195 0.05709134615384615 0.1164259927797834
57 0.3076923076923077 0.7220216606498195 0.06670673076923077 0.11462093862815885
36 0.3894230769230769 0.7003610108303249 0.05829326923076923 0.08664259927797834
6 0.5336538461538461 0.7111913357400722 0.04807692307692308 0.10740072202166065
49 0.6105769230769231 0.7256317689530686 0.04807692307692308 0.1092057761732852
57 0.6850961538461539 0.7220216606498195 0.052884615384615384 0.10830324909747292
28 0.7572115384615384 0.7292418772563177 0.0625 0.11462093862815885