75 0.7091346153846154 0.5708154506437768 0.05228365384615385 0.1791845493562232
74 0.18028846153846154 0.6952789699570815 0.08653846153846154 0.15450643776824036
14 0.25961538461538464 0.6952789699570815 0.057692307692307696 0.13626609442060086
103 0.3269230769230769 0.6909871244635193 0.047475961538461536 0.12017167381974249
42 0.3942307692307692 0.6995708154506438 0.04807692307692308 0.1276824034334764
42 0.4543269230769231 0.703862660944206 0.04266826923076923 0.08690987124463519
74 0.4254807692307692 0.5622317596566524 0.07692307692307693 0.13733905579399142
109 0.35096153846153844 0.5836909871244635 0.052884615384615384 0.10193133047210301
114 0.2764423076923077 0.5665236051502146 0.052884615384615384 0.15450643776824036
133 0.46153846153846156 0.3648068669527897 0.06670673076923077 0.16201716738197425
69 0.40384615384615385 0.11587982832618025 0.04807692307692308 0.1630901287553648
118 0.46153846153846156 0.09871244635193133 0.052884615384615384 0.11051502145922747
92 0.43028846153846156 0.18454935622317598 0.038461538461538464 0.11266094420600858
90 0.45913461538461536 0.20600858369098712 0.04266826923076923 0.1459227467811159
97 0.49038461538461536 0.15879828326180256 0.047475961538461536 0.07832618025751073
59 0.5192307692307693 0.11587982832618025 0.048677884615384616 0.06866952789699571
78 0.5504807692307693 0.1759656652360515 0.04326923076923077 0.10300429184549356
54 0.5240384615384616 0.20600858369098712 0.0390625 0.13626609442060086
117 0.4951923076923077 0.27896995708154504 0.057692307692307696 0.1298283261802575
73 0.5889423076923077 0.3562231759656652 0.057692307692307696 0.14484978540772533
112 0.6514423076923077 0.351931330472103 0.052884615384615384 0.1555793991416309
84 0.33653846153846156 0.3605150214592275 0.057692307692307696 0.13626609442060086
3 0.5168269230769231 0.6952789699570815 0.057692307692307696 0.11158798283261803
56 0.6298076923076923 0.0815450643776824 0.048677884615384616 0.09549356223175966
56 0.6802884615384616 0.07296137339055794 0.04326923076923077 0.06866952789699571