57 0.6899038461538461 0.08547008547008547 0.04326923076923077 0.10256410256410256
35 0.47115384615384615 0.13675213675213677 0.03786057692307692 0.12072649572649573
19 0.31971153846153844 0.0811965811965812 0.038461538461538464 0.10256410256410256
22 0.36538461538461536 0.0811965811965812 0.04807692307692308 0.11217948717948718
40 0.41346153846153844 0.10256410256410256 0.047475961538461536 0.06837606837606838
7 0.5504807692307693 0.08547008547008547 0.04326923076923077 0.09401709401709402
40 0.5072115384615384 0.10256410256410256 0.043870192307692304 0.05128205128205128
51 0.5600961538461539 0.19658119658119658 0.04326923076923077 0.10363247863247864
22 0.5961538461538461 0.08547008547008547 0.04807692307692308 0.1014957264957265
1 0.6418269230769231 0.14957264957264957 0.038461538461538464 0.09401709401709402
34 0.6442307692307693 0.08974358974358974 0.038461538461538464 0.08547008547008547