31 0.45913461538461536 0.7111913357400722 0.07151442307692307 0.1651624548736462
33 0.3485576923076923 0.45126353790613716 0.10576923076923077 0.1444043321299639
45 0.22355769230769232 0.5342960288808665 0.0811298076923077 0.10830324909747292
51 0.5024038461538461 0.44404332129963897 0.05348557692307692 0.15162454873646208
27 0.6057692307692307 0.38267148014440433 0.06670673076923077 0.12274368231046931
18 0.6225961538461539 0.5415162454873647 0.052884615384615384 0.1299638989169675
31 0.5456730769230769 0.5234657039711191 0.0625 0.08032490974729242
33 0.14903846153846154 0.7328519855595668 0.10096153846153846 0.13628158844765342
18 0.21875 0.7292418772563177 0.057692307692307696 0.12906137184115524
57 0.2932692307692308 0.7328519855595668 0.0625 0.11552346570397112
36 0.3798076923076923 0.7111913357400722 0.07211538461538461 0.09296028880866426
6 0.5288461538461539 0.7220216606498195 0.048677884615384616 0.10198555956678701
49 0.6057692307692307 0.7328519855595668 0.052884615384615384 0.1092057761732852
57 0.6875 0.7256317689530686 0.05709134615384615 0.12184115523465704
28 0.7596153846153846 0.740072202166065 0.0625 0.11552346570397112