103 0.25961538461538464 0.1371841155234657 0.048677884615384616 0.11462093862815885
70 0.2692307692307692 0.07220216606498195 0.052884615384615384 0.1164259927797834
10 0.3269230769230769 0.08303249097472924 0.052884615384615384 0.10740072202166065
109 0.3293269230769231 0.1552346570397112 0.05228365384615385 0.08032490974729242
74 0.7139423076923077 0.30324909747292417 0.052884615384615384 0.14530685920577618
100 0.5697115384615384 0.30324909747292417 0.0625 0.17328519855595667
70 0.49759615384615385 0.30685920577617326 0.07151442307692307 0.1588447653429603
63 0.5961538461538461 0.12274368231046931 0.05709134615384615 0.1299638989169675
114 0.6610576923076923 0.1263537906137184 0.05228365384615385 0.1299638989169675
92 0.6418269230769231 0.3140794223826715 0.04807692307692308 0.12274368231046931
74 0.38221153846153844 0.08303249097472924 0.057692307692307696 0.09296028880866426