100 0.49759615384615385 0.30042918454935624 0.052884615384615384 0.18776824034334763
9 0.5528846153846154 0.0815450643776824 0.02403846153846154 0.07832618025751073
9 0.6009615384615384 0.08583690987124463 0.028846153846153848 0.08583690987124463
97 0.6971153846153846 0.055793991416309016 0.04807692307692308 0.0944206008583691
36 0.6466346153846154 0.06437768240343347 0.04326923076923077 0.07725321888412018
14 0.3605769230769231 0.07725321888412018 0.0390625 0.10300429184549356
117 0.5649038461538461 0.31759656652360513 0.04807692307692308 0.12017167381974249
3 0.5913461538461539 0.24892703862660945 0.047475961538461536 0.08476394849785408
97 0.53125 0.24892703862660945 0.03365384615384615 0.04291845493562232
76 0.5552884615384616 0.1888412017167382 0.038461538461538464 0.11909871244635194
69 0.49759615384615385 0.15450643776824036 0.05228365384615385 0.10407725321888411
54 0.46634615384615385 0.2317596566523605 0.038461538461538464 0.15343347639484978
10 0.3173076923076923 0.0815450643776824 0.047475961538461536 0.10300429184549356
49 0.41346153846153844 0.08583690987124463 0.04326923076923077 0.0944206008583691