125 0.44711538461538464 0.30472103004291845 0.057692307692307696 0.19742489270386265
90 0.37740384615384615 0.296137339055794 0.052884615384615384 0.14484978540772533
174 0.3269230769230769 0.17167381974248927 0.04326923076923077 0.13841201716738197
109 0.30528846153846156 0.15879828326180256 0.04266826923076923 0.059012875536480686
48 0.31971153846153844 0.0815450643776824 0.034254807692307696 0.034334763948497854
59 0.3629807692307692 0.07725321888412018 0.04326923076923077 0.10193133047210301
25 0.40865384615384615 0.08583690987124463 0.04326923076923077 0.0944206008583691
110 0.4735576923076923 0.13304721030042918 0.04326923076923077 0.12875536480686695
26 0.5913461538461539 0.09871244635193133 0.047475961538461536 0.08583690987124463
67 0.5552884615384616 0.19742489270386265 0.04326923076923077 0.10407725321888411
92 0.5600961538461539 0.3133047210300429 0.043870192307692304 0.11266094420600858
114 0.6370192307692307 0.12875536480686695 0.038461538461538464 0.13841201716738197
109 0.6850961538461539 0.0944206008583691 0.04326923076923077 0.05257510729613734