94 0.3317307692307692 0.36101083032490977 0.13401442307692307 0.17328519855595667
118 0.5456730769230769 0.37184115523465705 0.0625 0.1299638989169675
92 0.43990384615384615 0.4404332129963899 0.07211538461538461 0.12906137184115524
106 0.31971153846153844 0.5090252707581228 0.0907451923076923 0.13808664259927797
27 0.7331730769230769 0.4368231046931408 0.0673076923076923 0.12184115523465704
51 0.6826923076923077 0.5776173285198556 0.05709134615384615 0.1444043321299639
49 0.16346153846153846 0.703971119133574 0.07211538461538461 0.10740072202166065
18 0.23557692307692307 0.7075812274368231 0.05829326923076923 0.12274368231046931
18 0.31009615384615385 0.7075812274368231 0.061899038461538464 0.1299638989169675
36 0.3942307692307692 0.6823104693140795 0.06790865384615384 0.09296028880866426
57 0.46153846153846156 0.703971119133574 0.057692307692307696 0.12274368231046931
6 0.5336538461538461 0.6967509025270758 0.06670673076923077 0.11552346570397112
49 0.6153846153846154 0.7075812274368231 0.048677884615384616 0.10198555956678701
28 0.6875 0.7111913357400722 0.0625 0.10740072202166065
27 0.7596153846153846 0.6787003610108303 0.07692307692307693 0.14530685920577618