57 0.31490384615384615 0.740072202166065 0.05348557692307692 0.1092057761732852
6 0.5480769230769231 0.7292418772563177 0.04807692307692308 0.10198555956678701
33 0.16105769230769232 0.740072202166065 0.057692307692307696 0.12274368231046931
27 0.6177884615384616 0.3898916967509025 0.07151442307692307 0.1299638989169675
28 0.7788461538461539 0.740072202166065 0.04807692307692308 0.10108303249097472
33 0.36538461538461536 0.4620938628158845 0.1063701923076923 0.1444043321299639
51 0.5144230769230769 0.4548736462093863 0.05709134615384615 0.14530685920577618
31 0.5600961538461539 0.5451263537906137 0.052884615384615384 0.1092057761732852
18 0.6370192307692307 0.5523465703971119 0.05228365384615385 0.12364620938628158
45 0.7235576923076923 0.5451263537906137 0.05348557692307692 0.1092057761732852
18 0.2403846153846154 0.740072202166065 0.0625 0.12364620938628158
36 0.39903846153846156 0.7220216606498195 0.06670673076923077 0.08754512635379061
31 0.47836538461538464 0.7364620938628159 0.06310096153846154 0.10830324909747292
49 0.625 0.7364620938628159 0.048677884615384616 0.11462093862815885
57 0.7043269230769231 0.7364620938628159 0.052884615384615384 0.11462093862815885