78 0.4182692307692308 0.5907335907335908 0.048677884615384616 0.14575289575289574
118 0.49759615384615385 0.5714285714285714 0.043870192307692304 0.138996138996139
69 0.5793269230769231 0.5714285714285714 0.05228365384615385 0.16216216216216217
92 0.5360576923076923 0.5057915057915058 0.04326923076923077 0.1303088803088803
97 0.4543269230769231 0.4942084942084942 0.052884615384615384 0.09362934362934362
54 0.4206730769230769 0.4092664092664093 0.043870192307692304 0.15347490347490347
90 0.5 0.416988416988417 0.057692307692307696 0.13996138996138996
117 0.45913461538461536 0.3359073359073359 0.04326923076923077 0.1167953667953668
72 0.42788461538461536 0.28957528957528955 0.04807692307692308 0.10810810810810811
73 0.5 0.28957528957528955 0.04807692307692308 0.1167953667953668
112 0.5697115384615384 0.29343629343629346 0.04807692307692308 0.14671814671814673
84 0.6298076923076923 0.30115830115830117 0.04807692307692308 0.138996138996139
74 0.53125 0.22007722007722008 0.05348557692307692 0.13223938223938225
75 0.5264423076923077 0.10424710424710425 0.057692307692307696 0.1303088803088803
109 0.5913461538461539 0.14285714285714285 0.048677884615384616 0.10038610038610038
3 0.29086538461538464 0.06563706563706563 0.04807692307692308 0.09942084942084942
54 0.34134615384615385 0.08108108108108109 0.0390625 0.09266409266409266
12 0.3942307692307692 0.08494208494208494 0.052884615384615384 0.10810810810810811
12 0.4519230769230769 0.08494208494208494 0.05829326923076923 0.10038610038610038
14 0.6538461538461539 0.06177606177606178 0.04326923076923077 0.09266409266409266
14 0.7067307692307693 0.0694980694980695 0.038461538461538464 0.09362934362934362
53 0.6538461538461539 0.1274131274131274 0.04326923076923077 0.11583011583011583
9 0.18269230769230768 0.6872586872586872 0.05709134615384615 0.13127413127413126