147 0.2860576923076923 0.2446351931330472 0.061899038461538464 0.14699570815450644
177 0.40625 0.2017167381974249 0.057692307692307696 0.17167381974248927
27 0.5769230769230769 0.12875536480686695 0.038461538461538464 0.1459227467811159
90 0.59375 0.33905579399141633 0.05228365384615385 0.16416309012875535
125 0.53125 0.3605150214592275 0.057692307692307696 0.20493562231759657
114 0.2764423076923077 0.5622317596566524 0.057692307692307696 0.1298283261802575
174 0.6658653846153846 0.49356223175965663 0.04326923076923077 0.1813304721030043
105 0.6826923076923077 0.27896995708154504 0.048677884615384616 0.1791845493562232
19 0.4206730769230769 0.6137339055793991 0.043870192307692304 0.1630901287553648
110 0.49278846153846156 0.5879828326180258 0.052884615384615384 0.1630901287553648
67 0.4254807692307692 0.4334763948497854 0.05228365384615385 0.11266094420600858
92 0.3894230769230769 0.36909871244635195 0.052884615384615384 0.12875536480686695
106 0.4879807692307692 0.27467811158798283 0.04266826923076923 0.12875536480686695
109 0.7043269230769231 0.6051502145922747 0.052884615384615384 0.12875536480686695
132 0.3485576923076923 0.12017167381974249 0.05228365384615385 0.12017167381974249