2 0.40384615384615385 0.6866952789699571 0.04807692307692308 0.19742489270386265
103 0.7115384615384616 0.5708154506437768 0.0390625 0.1459227467811159
83 0.27884615384615385 0.36909871244635195 0.06670673076923077 0.13626609442060086
174 0.3269230769230769 0.1759656652360515 0.047475961538461536 0.1459227467811159
109 0.3004807692307692 0.16738197424892703 0.033052884615384616 0.06866952789699571
118 0.2860576923076923 0.575107296137339 0.052884615384615384 0.13733905579399142
76 0.35336538461538464 0.575107296137339 0.04326923076923077 0.1630901287553648
29 0.20673076923076922 0.6866952789699571 0.06790865384615384 0.11158798283261803
58 0.2764423076923077 0.6909871244635193 0.043870192307692304 0.14484978540772533
45 0.3317307692307692 0.7124463519313304 0.047475961538461536 0.12017167381974249
49 0.46875 0.7124463519313304 0.04807692307692308 0.10300429184549356
86 0.4254807692307692 0.5665236051502146 0.04326923076923077 0.13626609442060086
115 0.3629807692307692 0.40772532188841204 0.04807692307692308 0.1791845493562232
117 0.3293269230769231 0.351931330472103 0.052884615384615384 0.11909871244635194
92 0.4014423076923077 0.3648068669527897 0.04266826923076923 0.14699570815450644
125 0.43509615384615385 0.296137339055794 0.052884615384615384 0.17167381974248927
90 0.37259615384615385 0.2703862660944206 0.04266826923076923 0.09334763948497854
92 0.5625 0.3133047210300429 0.052884615384615384 0.1276824034334764
67 0.5528846153846154 0.19742489270386265 0.047475961538461536 0.11909871244635194
110 0.47115384615384615 0.14163090128755365 0.04326923076923077 0.1459227467811159
114 0.6346153846153846 0.12875536480686695 0.0390625 0.13733905579399142
32 0.6850961538461539 0.0815450643776824 0.04326923076923077 0.12017167381974249
109 0.36538461538461536 0.09871244635193133 0.03365384615384615 0.0611587982832618
59 0.40384615384615385 0.09012875536480687 0.028245192307692308 0.07832618025751073
54 0.6538461538461539 0.7081545064377682 0.03786057692307692 0.10300429184549356
3 0.7259615384615384 0.6909871244635193 0.0625 0.10300429184549356
26 0.5913461538461539 0.1072961373390558 0.038461538461538464 0.07832618025751073
25 0.5480769230769231 0.09012875536480687 0.028245192307692308 0.09334763948497854
56 0.5048076923076923 0.0944206008583691 0.028245192307692308 0.0944206008583691
30 0.44711538461538464 0.09871244635193133 0.038461538461538464 0.07725321888412018
48 0.32211538461538464 0.08583690987124463 0.019831730769230768 0.034334763948497854