33 0.3557692307692308 0.44404332129963897 0.11538461538461539 0.1588447653429603
51 0.5096153846153846 0.4332129963898917 0.052884615384615384 0.14530685920577618
27 0.6177884615384616 0.37184115523465705 0.0625 0.12274368231046931
27 0.6081730769230769 0.4729241877256318 0.004206730769230769 0.00631768953068592
18 0.6274038461538461 0.5270758122743683 0.061899038461538464 0.12906137184115524
31 0.5552884615384616 0.5270758122743683 0.06310096153846154 0.11552346570397112
45 0.23076923076923078 0.5270758122743683 0.08653846153846154 0.1164259927797834
36 0.3894230769230769 0.703971119133574 0.07752403846153846 0.10830324909747292
6 0.5360576923076923 0.7111913357400722 0.043870192307692304 0.11552346570397112
49 0.6153846153846154 0.7220216606498195 0.048677884615384616 0.11552346570397112
57 0.6923076923076923 0.7148014440433214 0.048677884615384616 0.11462093862815885
28 0.7668269230769231 0.7184115523465704 0.07151442307692307 0.12274368231046931
31 0.47115384615384615 0.7111913357400722 0.07692307692307693 0.12364620938628158
57 0.30288461538461536 0.7184115523465704 0.07211538461538461 0.12274368231046931
18 0.22596153846153846 0.7184115523465704 0.05829326923076923 0.1444043321299639
33 0.15625 0.7220216606498195 0.08233173076923077 0.1299638989169675