2 0.32211538461538464 0.11158798283261803 0.04807692307692308 0.0944206008583691
111 0.42788461538461536 0.24034334763948498 0.047475961538461536 0.13626609442060086
85 0.5456730769230769 0.15021459227467812 0.04326923076923077 0.11158798283261803
168 0.6634615384615384 0.12875536480686695 0.04807692307692308 0.1555793991416309
103 0.7115384615384616 0.07296137339055794 0.04807692307692308 0.12875536480686695
106 0.5216346153846154 0.2918454935622318 0.052884615384615384 0.1459227467811159
101 0.4879807692307692 0.24892703862660945 0.07211538461538461 0.13733905579399142
21 0.6033653846153846 0.13304721030042918 0.043870192307692304 0.12875536480686695
111 0.37740384615384615 0.06437768240343347 0.052884615384615384 0.1276824034334764
54 0.43028846153846156 0.0815450643776824 0.038461538461538464 0.09549356223175966
24 0.5192307692307693 0.09012875536480687 0.04326923076923077 0.09334763948497854