54 0.65625 0.12692307692307692 0.05348557692307692 0.16923076923076924
88 0.5841346153846154 0.13846153846153847 0.07211538461538461 0.12211538461538461
69 0.5817307692307693 0.5923076923076923 0.05709134615384615 0.16826923076923078
118 0.5 0.5923076923076923 0.05829326923076923 0.13846153846153847
78 0.38221153846153844 0.5346153846153846 0.057692307692307696 0.14711538461538462
97 0.4519230769230769 0.5153846153846153 0.057692307692307696 0.11538461538461539
54 0.4206730769230769 0.4230769230769231 0.04326923076923077 0.13942307692307693
90 0.4951923076923077 0.43846153846153846 0.07211538461538461 0.14615384615384616
117 0.4567307692307692 0.3576923076923077 0.05829326923076923 0.13076923076923078
140 0.5 0.3 0.052884615384615384 0.13846153846153847
39 0.4254807692307692 0.28846153846153844 0.04807692307692308 0.1076923076923077
16 0.34134615384615385 0.15384615384615385 0.047475961538461536 0.1076923076923077
65 0.27403846153846156 0.11923076923076924 0.052884615384615384 0.16153846153846155
44 0.28365384615384615 0.05384615384615385 0.057692307692307696 0.09230769230769231
43 0.33413461538461536 0.046153846153846156 0.033052884615384616 0.09230769230769231
12 0.4014423076923077 0.09230769230769231 0.08233173076923077 0.12211538461538461