1 0.4567307692307692 0.6995708154506438 0.04326923076923077 0.11266094420600858
48 0.39663461538461536 0.7253218884120172 0.043870192307692304 0.08583690987124463
16 0.3317307692307692 0.6995708154506438 0.04807692307692308 0.12017167381974249
32 0.2644230769230769 0.6909871244635193 0.052884615384615384 0.13733905579399142
21 0.35096153846153844 0.575107296137339 0.048677884615384616 0.13626609442060086
30 0.46153846153846156 0.5064377682403434 0.057692307692307696 0.11158798283261803
59 0.5240384615384616 0.6995708154506438 0.047475961538461536 0.11158798283261803
59 0.71875 0.6995708154506438 0.04266826923076923 0.11158798283261803
13 0.5865384615384616 0.7081545064377682 0.047475961538461536 0.09549356223175966
4 0.5793269230769231 0.36909871244635195 0.043870192307692304 0.13841201716738197
48 0.5600961538461539 0.6137339055793991 0.043870192307692304 0.07725321888412018
67 0.7692307692307693 0.5879828326180258 0.04807692307692308 0.12875536480686695