75 0.7091346153846154 0.5708154506437768 0.04807692307692308 0.17167381974248927
74 0.1971153846153846 0.6909871244635193 0.0859375 0.1459227467811159
14 0.27403846153846156 0.6909871244635193 0.05709134615384615 0.12875536480686695
103 0.3389423076923077 0.6866952789699571 0.04326923076923077 0.11909871244635194
42 0.40384615384615385 0.6952789699570815 0.047475961538461536 0.12017167381974249
42 0.4639423076923077 0.6995708154506438 0.04266826923076923 0.08583690987124463
74 0.43509615384615385 0.5622317596566524 0.07271634615384616 0.1298283261802575
109 0.3629807692307692 0.5836909871244635 0.05228365384615385 0.0944206008583691
114 0.29086538461538464 0.5665236051502146 0.05228365384615385 0.15343347639484978
133 0.46875 0.36909871244635195 0.0625 0.15343347639484978
69 0.41346153846153844 0.13304721030042918 0.04807692307692308 0.16201716738197425
118 0.46875 0.11587982832618025 0.05228365384615385 0.10300429184549356
92 0.43990384615384615 0.19742489270386265 0.038461538461538464 0.11158798283261803
90 0.46634615384615385 0.21888412017167383 0.0390625 0.14484978540772533
97 0.49759615384615385 0.17167381974248927 0.04326923076923077 0.07725321888412018
59 0.5240384615384616 0.12875536480686695 0.048677884615384616 0.06866952789699571
78 0.5552884615384616 0.18454935622317598 0.04326923076923077 0.09549356223175966
54 0.53125 0.21888412017167383 0.038461538461538464 0.12875536480686695
117 0.5024038461538461 0.2875536480686695 0.05348557692307692 0.12875536480686695
73 0.59375 0.3605150214592275 0.05348557692307692 0.13733905579399142
112 0.6538461538461539 0.3605150214592275 0.048677884615384616 0.15450643776824036
84 0.3485576923076923 0.3648068669527897 0.05348557692307692 0.12875536480686695
3 0.5240384615384616 0.6909871244635193 0.05709134615384615 0.11051502145922747
56 0.6346153846153846 0.09871244635193133 0.04807692307692308 0.09549356223175966
56 0.6826923076923077 0.09012875536480687 0.04326923076923077 0.0611587982832618