57 0.6923076923076923 0.0811965811965812 0.04326923076923077 0.10256410256410256
35 0.4735576923076923 0.13247863247863248 0.034254807692307696 0.12713675213675213
19 0.32211538461538464 0.07692307692307693 0.038461538461538464 0.10256410256410256
22 0.36778846153846156 0.0811965811965812 0.04807692307692308 0.11217948717948718
40 0.4182692307692308 0.09829059829059829 0.047475961538461536 0.06837606837606838
7 0.5528846153846154 0.0811965811965812 0.04326923076923077 0.09401709401709402
40 0.5096153846153846 0.09829059829059829 0.047475961538461536 0.05128205128205128
51 0.5625 0.19230769230769232 0.04326923076923077 0.11004273504273504
22 0.5985576923076923 0.0811965811965812 0.04807692307692308 0.09508547008547008
1 0.6442307692307693 0.1452991452991453 0.038461538461538464 0.09401709401709402
34 0.6466346153846154 0.08547008547008547 0.038461538461538464 0.08547008547008547