101 0.44471153846153844 0.3333333333333333 0.057692307692307696 0.08440170940170941
106 0.5096153846153846 0.2863247863247863 0.057692307692307696 0.1452991452991453
111 0.5673076923076923 0.2905982905982906 0.047475961538461536 0.12072649572649573
82 0.6466346153846154 0.13247863247863248 0.043870192307692304 0.12713675213675213
21 0.6947115384615384 0.07692307692307693 0.04326923076923077 0.10256410256410256
21 0.6490384615384616 0.0641025641025641 0.0390625 0.07799145299145299
45 0.5552884615384616 0.07692307692307693 0.04326923076923077 0.08653846153846154
71 0.4182692307692308 0.13675213675213677 0.04326923076923077 0.08653846153846154
15 0.36778846153846156 0.13675213675213677 0.04266826923076923 0.08653846153846154
20 0.33413461538461536 0.18376068376068377 0.043870192307692304 0.11004273504273504
87 0.3076923076923077 0.1452991452991453 0.048677884615384616 0.13568376068376067
50 0.5985576923076923 0.07692307692307693 0.03365384615384615 0.08653846153846154