54 0.6586538461538461 0.12355212355212356 0.05709134615384615 0.16988416988416988
88 0.5865384615384616 0.138996138996139 0.07211538461538461 0.12258687258687259
69 0.5841346153846154 0.5868725868725869 0.05348557692307692 0.16891891891891891
118 0.5024038461538461 0.5907335907335908 0.061899038461538464 0.138996138996139
78 0.3870192307692308 0.5328185328185329 0.05348557692307692 0.15347490347490347
97 0.4543269230769231 0.5096525096525096 0.057692307692307696 0.10907335907335908
54 0.4230769230769231 0.42084942084942084 0.04326923076923077 0.138996138996139
90 0.5 0.4362934362934363 0.07211538461538461 0.14575289575289574
117 0.46153846153846156 0.35135135135135137 0.05829326923076923 0.1303088803088803
140 0.5024038461538461 0.2972972972972973 0.052884615384615384 0.138996138996139
39 0.42788461538461536 0.2857142857142857 0.04807692307692308 0.10810810810810811
16 0.34615384615384615 0.15057915057915058 0.047475961538461536 0.10135135135135136
65 0.27884615384615385 0.11583011583011583 0.048677884615384616 0.16216216216216217
44 0.28846153846153844 0.05405405405405406 0.057692307692307696 0.09266409266409266
43 0.3389423076923077 0.04633204633204633 0.033052884615384616 0.0916988416988417
12 0.40384615384615385 0.0888030888030888 0.0859375 0.11583011583011583