76 0.6778846153846154 0.1407942238267148 0.057692307692307696 0.15072202166064982
111 0.1658653846153846 0.7328519855595668 0.07151442307692307 0.1371841155234657
50 0.2403846153846154 0.7364620938628159 0.0625 0.1164259927797834
50 0.3245192307692308 0.7364620938628159 0.057692307692307696 0.12906137184115524
40 0.40384615384615385 0.7328519855595668 0.0967548076923077 0.10740072202166065
22 0.2860576923076923 0.09747292418772563 0.05348557692307692 0.09386281588447654
22 0.35096153846153844 0.09747292418772563 0.06790865384615384 0.09386281588447654
45 0.5504807692307693 0.259927797833935 0.04807692307692308 0.12906137184115524
83 0.6177884615384616 0.26714801444043323 0.08173076923076923 0.14350180505415164
36 0.6514423076923077 0.19855595667870035 0.043870192307692304 0.06498194945848375
25 0.6129807692307693 0.1588447653429603 0.043870192307692304 0.07220216606498195
45 0.7379807692307693 0.09386281588447654 0.043870192307692304 0.08664259927797834
50 0.5673076923076923 0.09025270758122744 0.047475961538461536 0.08032490974729242
59 0.625 0.09747292418772563 0.028245192307692308 0.08032490974729242
20 0.7764423076923077 0.703971119133574 0.061899038461538464 0.17328519855595667