101 0.3293269230769231 0.3261802575107296 0.057692307692307696 0.08583690987124463
84 0.3894230769230769 0.2918454935622318 0.047475961538461536 0.13626609442060086
22 0.5120192307692307 0.2875536480686695 0.04326923076923077 0.14699570815450644
111 0.4807692307692308 0.2017167381974249 0.038461538461538464 0.14484978540772533
31 0.5432692307692307 0.24034334763948498 0.047475961538461536 0.10300429184549356
13 0.6346153846153846 0.30472103004291845 0.04807692307692308 0.09334763948497854
85 0.6466346153846154 0.12017167381974249 0.04326923076923077 0.13841201716738197
53 0.5168269230769231 0.07725321888412018 0.024639423076923076 0.07725321888412018
53 0.5576923076923077 0.06437768240343347 0.029447115384615384 0.0611587982832618
31 0.6057692307692307 0.07296137339055794 0.028245192307692308 0.07832618025751073
45 0.65625 0.06437768240343347 0.034254807692307696 0.07725321888412018
13 0.3293269230769231 0.07725321888412018 0.033052884615384616 0.06974248927038626
29 0.7067307692307693 0.060085836909871244 0.048677884615384616 0.11909871244635194