84 0.2932692307692308 0.3418803418803419 0.048677884615384616 0.1527777777777778
112 0.21394230769230768 0.6794871794871795 0.06310096153846154 0.15384615384615385
12 0.3485576923076923 0.717948717948718 0.07151442307692307 0.12072649572649573
14 0.40865384615384615 0.358974358974359 0.05829326923076923 0.13675213675213677
12 0.4855769230769231 0.36752136752136755 0.07692307692307693 0.11965811965811966
54 0.5793269230769231 0.43162393162393164 0.04326923076923077 0.10256410256410256
116 0.4423076923076923 0.5683760683760684 0.047475961538461536 0.13675213675213677
109 0.28125 0.7222222222222222 0.04807692307692308 0.11004273504273504
3 0.2980769230769231 0.5811965811965812 0.05829326923076923 0.1014957264957265
14 0.4639423076923077 0.7051282051282052 0.0811298076923077 0.1282051282051282
73 0.47836538461538464 0.49572649572649574 0.043870192307692304 0.13675213675213677