31 0.46634615384615385 0.703971119133574 0.0673076923076923 0.1588447653429603
33 0.3581730769230769 0.4548736462093863 0.1015625 0.1371841155234657
45 0.2403846153846154 0.5342960288808665 0.07692307692307693 0.10198555956678701
51 0.5072115384615384 0.44765342960288806 0.052884615384615384 0.14530685920577618
27 0.6081730769230769 0.3862815884476534 0.0625 0.12184115523465704
18 0.6225961538461539 0.5415162454873647 0.05228365384615385 0.12274368231046931
31 0.5504807692307693 0.5270758122743683 0.061899038461538464 0.07942238267148015
33 0.1658653846153846 0.7256317689530686 0.09615384615384616 0.1299638989169675
18 0.23557692307692307 0.7220216606498195 0.05709134615384615 0.12274368231046931
57 0.30528846153846156 0.7256317689530686 0.061899038461538464 0.1092057761732852
36 0.3894230769230769 0.7075812274368231 0.06790865384615384 0.08664259927797834
6 0.5336538461538461 0.7148014440433214 0.04807692307692308 0.10108303249097472
49 0.6081730769230769 0.7256317689530686 0.052884615384615384 0.10830324909747292
57 0.6850961538461539 0.7220216606498195 0.052884615384615384 0.11552346570397112
28 0.7572115384615384 0.7328519855595668 0.061899038461538464 0.1092057761732852