103 0.2668269230769231 0.13357400722021662 0.05228365384615385 0.1092057761732852
70 0.2764423076923077 0.06498194945848375 0.05228365384615385 0.1164259927797834
10 0.3317307692307692 0.07581227436823104 0.048677884615384616 0.10108303249097472
109 0.33653846153846156 0.148014440433213 0.04807692307692308 0.08032490974729242
74 0.7163461538461539 0.296028880866426 0.048677884615384616 0.14530685920577618
100 0.5721153846153846 0.296028880866426 0.0625 0.17328519855595667
70 0.5024038461538461 0.2996389891696751 0.07151442307692307 0.1588447653429603
63 0.5985576923076923 0.11552346570397112 0.05348557692307692 0.1299638989169675
114 0.6634615384615384 0.12274368231046931 0.04807692307692308 0.12906137184115524
92 0.6466346153846154 0.30324909747292417 0.04807692307692308 0.12274368231046931
74 0.3870192307692308 0.07942238267148015 0.057692307692307696 0.08754512635379061