33 0.363855421686747 0.4584837545126354 0.11144578313253012 0.15252707581227437
51 0.5156626506024097 0.44765342960288806 0.05301204819277108 0.1444043321299639
27 0.6216867469879518 0.3898916967509025 0.058433734939759036 0.1164259927797834
27 0.6120481927710844 0.48736462093862815 0.0006024096385542169 0.00631768953068592
18 0.6313253012048192 0.5415162454873647 0.05783132530120482 0.12274368231046931
31 0.5590361445783133 0.5379061371841155 0.06265060240963856 0.1092057761732852
45 0.24096385542168675 0.5379061371841155 0.086144578313253 0.11552346570397112
36 0.39759036144578314 0.7148014440433214 0.07710843373493977 0.10198555956678701
6 0.5421686746987951 0.7220216606498195 0.043373493975903614 0.11462093862815885
49 0.619277108433735 0.7328519855595668 0.05240963855421687 0.1092057761732852
57 0.6939759036144578 0.7256317689530686 0.04819277108433735 0.10830324909747292
28 0.7662650602409639 0.7292418772563177 0.06807228915662651 0.1164259927797834
31 0.4771084337349398 0.7220216606498195 0.07650602409638554 0.12274368231046931
57 0.3108433734939759 0.7256317689530686 0.07168674698795181 0.12184115523465704
18 0.236144578313253 0.7292418772563177 0.058433734939759036 0.14350180505415164
33 0.1686746987951807 0.7292418772563177 0.0819277108433735 0.1299638989169675