179 0.43509615384615385 0.45064377682403434 0.04266826923076923 0.09549356223175966
8 0.5 0.4592274678111588 0.038461538461538464 0.09334763948497854
48 0.46875 0.5407725321888412 0.04266826923076923 0.06866952789699571
17 0.4014423076923077 0.51931330472103 0.038461538461538464 0.0944206008583691
98 0.40384615384615385 0.351931330472103 0.0390625 0.17167381974248927
16 0.375 0.31759656652360513 0.038461538461538464 0.10193133047210301
16 0.4423076923076923 0.31759656652360513 0.038461538461538464 0.10407725321888411
77 0.49759615384615385 0.3090128755364807 0.043870192307692304 0.11158798283261803
37 0.5600961538461539 0.3090128755364807 0.038461538461538464 0.13626609442060086
8 0.21634615384615385 0.721030042918455 0.0625 0.10193133047210301
17 0.2764423076923077 0.6952789699570815 0.04266826923076923 0.11909871244635194
73 0.46634615384615385 0.3776824034334764 0.048677884615384616 0.10193133047210301