57 0.7067307692307693 0.06437768240343347 0.04326923076923077 0.10300429184549356
35 0.4855769230769231 0.12017167381974249 0.03786057692307692 0.12875536480686695
19 0.3317307692307692 0.060085836909871244 0.038461538461538464 0.10407725321888411
22 0.37740384615384615 0.06437768240343347 0.04807692307692308 0.11266094420600858
40 0.42788461538461536 0.08583690987124463 0.047475961538461536 0.06866952789699571
7 0.5649038461538461 0.06866952789699571 0.04326923076923077 0.10193133047210301
40 0.5216346153846154 0.08583690987124463 0.043870192307692304 0.05150214592274678
51 0.5769230769230769 0.18025751072961374 0.04326923076923077 0.11158798283261803
22 0.6129807692307693 0.06866952789699571 0.04807692307692308 0.10193133047210301
1 0.6586538461538461 0.13304721030042918 0.038461538461538464 0.09549356223175966
34 0.6586538461538461 0.07296137339055794 0.038461538461538464 0.08583690987124463