101 0.5168269230769231 0.31759656652360513 0.06310096153846154 0.12875536480686695
45 0.5817307692307693 0.31759656652360513 0.047475961538461536 0.10193133047210301
21 0.6538461538461539 0.14163090128755365 0.038461538461538464 0.11266094420600858
21 0.6875 0.08583690987124463 0.04326923076923077 0.10193133047210301
40 0.5913461538461539 0.09871244635193133 0.047475961538461536 0.08583690987124463
37 0.40865384615384615 0.09871244635193133 0.0390625 0.0944206008583691
23 0.5 0.09871244635193133 0.03786057692307692 0.09549356223175966
23 0.5432692307692307 0.0944206008583691 0.0390625 0.0944206008583691
50 0.6394230769230769 0.07725321888412018 0.038461538461538464 0.10300429184549356
24 0.6274038461538461 0.2145922746781116 0.04266826923076923 0.10300429184549356
50 0.6009615384615384 0.2532188841201717 0.04326923076923077 0.11158798283261803