145 0.5793269230769231 0.5812274368231047 0.05348557692307692 0.1588447653429603
110 0.7548076923076923 0.5848375451263538 0.04807692307692308 0.14350180505415164
109 0.6658653846153846 0.6173285198555957 0.04807692307692308 0.08664259927797834
111 0.31971153846153844 0.34657039711191334 0.061899038461538464 0.15162454873646208
111 0.30528846153846156 0.6859205776173285 0.05348557692307692 0.12274368231046931
82 0.25 0.5667870036101083 0.0625 0.1371841155234657
3 0.33413461538461536 0.5776173285198556 0.057692307692307696 0.1164259927797834
106 0.4735576923076923 0.3574007220216607 0.07692307692307693 0.15252707581227437
101 0.6129807692307693 0.37906137184115524 0.10576923076923077 0.1371841155234657
50 0.3870192307692308 0.6967509025270758 0.057692307692307696 0.10740072202166065
45 0.5408653846153846 0.703971119133574 0.057692307692307696 0.10108303249097472
45 0.6177884615384616 0.703971119133574 0.061899038461538464 0.10830324909747292
42 0.7668269230769231 0.7003610108303249 0.043870192307692304 0.10830324909747292
101 0.15625 0.7075812274368231 0.11117788461538461 0.1588447653429603
40 0.24278846153846154 0.7148014440433214 0.061899038461538464 0.1371841155234657