120 0.672289156626506 0.1299638989169675 0.04397590361445783 0.14350180505415164
50 0.17590361445783131 0.7111913357400722 0.05783132530120482 0.12274368231046931
50 0.2457831325301205 0.7148014440433214 0.05783132530120482 0.1299638989169675
40 0.3228915662650602 0.7111913357400722 0.09156626506024096 0.11552346570397112
48 0.39518072289156625 0.7075812274368231 0.04879518072289157 0.1164259927797834
111 0.3253012048192771 0.37184115523465705 0.06325301204819277 0.15162454873646208
22 0.472289156626506 0.37545126353790614 0.06746987951807229 0.11462093862815885
22 0.5108433734939759 0.3140794223826715 0.06686746987951807 0.12184115523465704
40 0.6240963855421687 0.3935018050541516 0.0825301204819277 0.07220216606498195
46 0.6096385542168675 0.15162454873646208 0.04819277108433735 0.08754512635379061
57 0.5421686746987951 0.15162454873646208 0.04397590361445783 0.10018050541516245
42 0.6771084337349398 0.07220216606498195 0.024096385542168676 0.058664259927797835
46 0.7301204819277108 0.09025270758122744 0.03313253012048193 0.07942238267148015