33 0.3557692307692308 0.44765342960288806 0.09555288461538461 0.14530685920577618
51 0.5048076923076923 0.4404332129963899 0.05829326923076923 0.15974729241877256
27 0.6081730769230769 0.38267148014440433 0.08653846153846154 0.14350180505415164
45 0.23076923076923078 0.5234657039711191 0.09134615384615384 0.1299638989169675
18 0.6225961538461539 0.5342960288808665 0.05228365384615385 0.1299638989169675
57 0.2980769230769231 0.7220216606498195 0.06670673076923077 0.11552346570397112
36 0.3798076923076923 0.703971119133574 0.06790865384615384 0.12364620938628158
31 0.4639423076923077 0.7003610108303249 0.0625 0.09386281588447654
6 0.53125 0.7148014440433214 0.052884615384615384 0.11552346570397112
49 0.6057692307692307 0.7256317689530686 0.06670673076923077 0.12274368231046931
57 0.6826923076923077 0.7184115523465704 0.052884615384615384 0.12274368231046931
28 0.7572115384615384 0.7292418772563177 0.07692307692307693 0.13086642599277978
18 0.22355769230769232 0.7256317689530686 0.06310096153846154 0.1371841155234657
33 0.15384615384615385 0.7220216606498195 0.07752403846153846 0.12274368231046931
31 0.5432692307692307 0.5234657039711191 0.048677884615384616 0.08032490974729242