45 0.4855769230769231 0.416988416988417 0.009014423076923076 0.0009652509652509653
51 0.3581730769230769 0.30115830115830117 0.052884615384615384 0.13803088803088803
78 0.37740384615384615 0.5212355212355212 0.05228365384615385 0.13223938223938225
97 0.4495192307692308 0.5135135135135135 0.04807692307692308 0.10810810810810811
54 0.41586538461538464 0.4247104247104247 0.04266826923076923 0.15444015444015444
90 0.49278846153846156 0.43243243243243246 0.05348557692307692 0.13127413127413126
138 0.49278846153846156 0.277992277992278 0.04807692307692308 0.1776061776061776
78 0.4230769230769231 0.2972972972972973 0.048677884615384616 0.09266409266409266
118 0.49038461538461536 0.5868725868725869 0.04807692307692308 0.13803088803088803
69 0.5745192307692307 0.5907335907335908 0.05228365384615385 0.16312741312741313
92 0.5288461538461539 0.528957528957529 0.047475961538461536 0.13127413127413126
158 0.5625 0.2972972972972973 0.048677884615384616 0.16988416988416988
39 0.45913461538461536 0.13513513513513514 0.05228365384615385 0.138996138996139
76 0.6490384615384616 0.1274131274131274 0.047475961538461536 0.1303088803088803
76 0.27403846153846156 0.11969111969111969 0.05829326923076923 0.15444015444015444
117 0.4543269230769231 0.3783783783783784 0.04326923076923077 0.1554054054054054
16 0.3389423076923077 0.07722007722007722 0.03365384615384615 0.10714285714285714
51 0.29086538461538464 0.06563706563706563 0.03365384615384615 0.08494208494208494