82 0.6370192307692307 0.1452991452991453 0.04266826923076923 0.12072649572649573
82 0.6418269230769231 0.06837606837606838 0.04266826923076923 0.1014957264957265
107 0.59375 0.08547008547008547 0.043870192307692304 0.10256410256410256
45 0.5024038461538461 0.08974358974358974 0.043870192307692304 0.09294871794871795
73 0.40625 0.09401709401709402 0.04807692307692308 0.11858974358974358
111 0.3605769230769231 0.05555555555555555 0.04326923076923077 0.09294871794871795
107 0.2980769230769231 0.14957264957264957 0.0390625 0.09401709401709402
58 0.3629807692307692 0.14102564102564102 0.05228365384615385 0.09508547008547008
41 0.3245192307692308 0.1623931623931624 0.04266826923076923 0.13675213675213677
80 0.35096153846153844 0.24786324786324787 0.04807692307692308 0.1452991452991453
41 0.3125 0.05555555555555555 0.0390625 0.09294871794871795
20 0.4543269230769231 0.09401709401709402 0.028846153846153848 0.08653846153846154
80 0.5456730769230769 0.09401709401709402 0.024639423076923076 0.09401709401709402