29 0.4375 0.41630901287553645 0.047475961538461536 0.1459227467811159
68 0.40384615384615385 0.3605150214592275 0.047475961538461536 0.10407725321888411
179 0.37259615384615385 0.4334763948497854 0.05228365384615385 0.09549356223175966
59 0.4326923076923077 0.5879828326180258 0.047475961538461536 0.09549356223175966
42 0.7211538461538461 0.703862660944206 0.04326923076923077 0.10407725321888411
93 0.5576923076923077 0.17167381974248927 0.047475961538461536 0.15343347639484978
61 0.6394230769230769 0.12017167381974249 0.047475961538461536 0.10193133047210301
91 0.5865384615384616 0.12017167381974249 0.047475961538461536 0.11158798283261803
94 0.4182692307692308 0.12017167381974249 0.052884615384615384 0.15450643776824036
94 0.4735576923076923 0.12017167381974249 0.05228365384615385 0.13733905579399142
1 0.5 0.06866952789699571 0.019230769230769232 0.07725321888412018
1 0.5913461538461539 0.07296137339055794 0.019831730769230768 0.06866952789699571
33 0.4519230769230769 0.06866952789699571 0.03786057692307692 0.06759656652360516
13 0.20673076923076922 0.7167381974248928 0.057692307692307696 0.11051502145922747
13 0.2668269230769231 0.7253218884120172 0.07151442307692307 0.11158798283261803
77 0.2860576923076923 0.5793991416309013 0.05228365384615385 0.1276824034334764
17 0.33413461538461536 0.6909871244635193 0.034254807692307696 0.11266094420600858
8 0.4014423076923077 0.703862660944206 0.038461538461538464 0.06974248927038626
8 0.46875 0.703862660944206 0.04266826923076923 0.06759656652360516
48 0.7115384615384616 0.6051502145922747 0.04807692307692308 0.11051502145922747
98 0.2980769230769231 0.40772532188841204 0.05709134615384615 0.1813304721030043
73 0.34615384615384615 0.3648068669527897 0.057692307692307696 0.09549356223175966
25 0.6177884615384616 0.19313304721030042 0.04326923076923077 0.11051502145922747
32 0.5384615384615384 0.06866952789699571 0.048677884615384616 0.06974248927038626
30 0.6418269230769231 0.05150214592274678 0.04266826923076923 0.034334763948497854
25 0.6826923076923077 0.06866952789699571 0.02403846153846154 0.10193133047210301