106 0.4951923076923077 0.2996389891696751 0.048677884615384616 0.13808664259927797
80 0.3125 0.24548736462093862 0.04807692307692308 0.13086642599277978
107 0.2548076923076923 0.1407942238267148 0.0390625 0.07851985559566788
102 0.27884615384615385 0.15162454873646208 0.048677884615384616 0.15974729241877256
45 0.27403846153846156 0.07220216606498195 0.048677884615384616 0.058664259927797835
111 0.3293269230769231 0.061371841155234655 0.052884615384615384 0.11552346570397112
73 0.3798076923076923 0.08664259927797834 0.04807692307692308 0.10018050541516245
41 0.49278846153846156 0.07942238267148015 0.052884615384615384 0.08574007220216606
80 0.5456730769230769 0.08664259927797834 0.034254807692307696 0.10108303249097472
20 0.4375 0.08664259927797834 0.04326923076923077 0.08754512635379061
107 0.6057692307692307 0.09025270758122744 0.04807692307692308 0.10830324909747292
82 0.6610576923076923 0.061371841155234655 0.05228365384615385 0.08032490974729242
82 0.65625 0.1407942238267148 0.04807692307692308 0.1092057761732852
46 0.7139423076923077 0.08664259927797834 0.04326923076923077 0.07310469314079422
58 0.3293269230769231 0.1299638989169675 0.05228365384615385 0.08574007220216606