115 0.31971153846153844 0.2832618025751073 0.06310096153846154 0.18991416309012876
84 0.3798076923076923 0.30472103004291845 0.04807692307692308 0.1276824034334764
51 0.4423076923076923 0.296137339055794 0.047475961538461536 0.13733905579399142
12 0.5096153846153846 0.3218884120171674 0.07211538461538461 0.14484978540772533
73 0.625 0.31759656652360513 0.0390625 0.12017167381974249
53 0.6394230769230769 0.13304721030042918 0.047475961538461536 0.12875536480686695
3 0.6899038461538461 0.07296137339055794 0.034254807692307696 0.08583690987124463
42 0.5504807692307693 0.0815450643776824 0.04266826923076923 0.07832618025751073
42 0.5024038461538461 0.0815450643776824 0.04266826923076923 0.07832618025751073
3 0.4206730769230769 0.13733905579399142 0.038461538461538464 0.12017167381974249
12 0.4110576923076923 0.08583690987124463 0.08173076923076923 0.08476394849785408
15 0.30528846153846156 0.12875536480686695 0.04807692307692308 0.11158798283261803