161 0.39663461538461536 0.3162393162393162 0.061899038461538464 0.1111111111111111
106 0.5144230769230769 0.28205128205128205 0.0625 0.13782051282051283
111 0.6298076923076923 0.2905982905982906 0.04807692307692308 0.12072649572649573
82 0.6850961538461539 0.1794871794871795 0.043870192307692304 0.1111111111111111
82 0.6490384615384616 0.13675213675213677 0.0390625 0.12072649572649573
48 0.6057692307692307 0.08974358974358974 0.0390625 0.05982905982905983
24 0.5600961538461539 0.08547008547008547 0.04266826923076923 0.09401709401709402
24 0.5144230769230769 0.08547008547008547 0.0390625 0.09401709401709402
21 0.37259615384615385 0.0641025641025641 0.043870192307692304 0.07799145299145299
21 0.4206730769230769 0.06837606837606838 0.033052884615384616 0.05128205128205128
85 0.42788461538461536 0.14957264957264957 0.047475961538461536 0.1111111111111111
48 0.37740384615384615 0.15384615384615385 0.04326923076923077 0.08653846153846154
50 0.6971153846153846 0.05982905982905983 0.04807692307692308 0.11858974358974358
168 0.31971153846153844 0.13247863247863248 0.05228365384615385 0.14423076923076922
2 0.46634615384615385 0.0811965811965812 0.048677884615384616 0.09508547008547008