86 0.4951923076923077 0.5427350427350427 0.04807692307692308 0.15384615384615385
49 0.29086538461538464 0.5598290598290598 0.05228365384615385 0.14423076923076922
3 0.7067307692307693 0.5512820512820513 0.052884615384615384 0.09508547008547008
64 0.53125 0.3547008547008547 0.057692307692307696 0.15384615384615385
69 0.4639423076923077 0.452991452991453 0.05348557692307692 0.1452991452991453
59 0.3557692307692308 0.5641025641025641 0.047475961538461536 0.11858974358974358
70 0.4014423076923077 0.3333333333333333 0.052884615384615384 0.16987179487179488
81 0.41346153846153844 0.14102564102564102 0.047475961538461536 0.06837606837606838
36 0.3269230769230769 0.16666666666666666 0.048677884615384616 0.07799145299145299
82 0.6322115384615384 0.10256410256410256 0.04326923076923077 0.13782051282051283
87 0.2980769230769231 0.13247863247863248 0.05709134615384615 0.12927350427350429
120 0.3557692307692308 0.10683760683760683 0.04807692307692308 0.14636752136752137
111 0.5576923076923077 0.2564102564102564 0.05709134615384615 0.15384615384615385
106 0.49759615384615385 0.2606837606837607 0.052884615384615384 0.1452991452991453
161 0.4423076923076923 0.2863247863247863 0.06670673076923077 0.13675213675213677
10 0.46875 0.3504273504273504 0.05348557692307692 0.1111111111111111