116 0.3173076923076923 0.18376068376068377 0.047475961538461536 0.14636752136752137
92 0.5552884615384616 0.31196581196581197 0.05228365384615385 0.11965811965811966
67 0.6298076923076923 0.14102564102564102 0.04326923076923077 0.11217948717948718
4 0.43028846153846156 0.29914529914529914 0.04326923076923077 0.13675213675213677
29 0.36778846153846156 0.3034188034188034 0.04266826923076923 0.11217948717948718
13 0.21153846153846154 0.6965811965811965 0.06790865384615384 0.10256410256410256
13 0.27403846153846156 0.6923076923076923 0.06670673076923077 0.10363247863247864
77 0.27403846153846156 0.5811965811965812 0.047475961538461536 0.11965811965811966
98 0.2860576923076923 0.4188034188034188 0.043870192307692304 0.18696581196581197
73 0.33413461538461536 0.36752136752136755 0.052884615384615384 0.08653846153846154
179 0.3485576923076923 0.44017094017094016 0.057692307692307696 0.11965811965811966
68 0.3942307692307692 0.3803418803418803 0.04326923076923077 0.12713675213675213
49 0.5192307692307693 0.15384615384615385 0.0390625 0.09401709401709402
4 0.3173076923076923 0.0811965811965812 0.03786057692307692 0.060897435897435896
109 0.28846153846153844 0.1623931623931624 0.029447115384615384 0.06944444444444445
29 0.3870192307692308 0.6709401709401709 0.07692307692307693 0.12927350427350429