177 0.6802884615384616 0.34334763948497854 0.038461538461538464 0.17167381974248927
87 0.7163461538461539 0.4592274678111588 0.048677884615384616 0.13733905579399142
106 0.6129807692307693 0.3776824034334764 0.04266826923076923 0.1630901287553648
83 0.6418269230769231 0.3218884120171674 0.04266826923076923 0.1298283261802575
115 0.5504807692307693 0.23605150214592274 0.043870192307692304 0.1813304721030043
87 0.7524038461538461 0.7296137339055794 0.052884615384615384 0.13841201716738197
26 0.6802884615384616 0.7339055793991416 0.05228365384615385 0.11158798283261803
105 0.2860576923076923 0.3776824034334764 0.0625 0.18991416309012876
117 0.33413461538461536 0.3218884120171674 0.057692307692307696 0.13733905579399142
71 0.30288461538461536 0.6094420600858369 0.05709134615384615 0.08690987124463519
63 0.5144230769230769 0.19742489270386265 0.04326923076923077 0.12017167381974249
3 0.6634615384615384 0.6008583690987125 0.04326923076923077 0.11909871244635194
92 0.4543269230769231 0.31759656652360513 0.04807692307692308 0.1555793991416309
76 0.6586538461538461 0.13733905579399142 0.04807692307692308 0.17060085836909872
118 0.5432692307692307 0.1072961373390558 0.048677884615384616 0.06866952789699571
42 0.47115384615384615 0.09012875536480687 0.038461538461538464 0.0944206008583691
54 0.4254807692307692 0.0944206008583691 0.038461538461538464 0.08690987124463519
86 0.37259615384615385 0.13733905579399142 0.04807692307692308 0.1459227467811159
103 0.31490384615384615 0.13304721030042918 0.04807692307692308 0.13733905579399142