106 0.5048076923076923 0.2996389891696751 0.048677884615384616 0.1371841155234657
80 0.3269230769230769 0.24548736462093862 0.047475961538461536 0.1299638989169675
107 0.2692307692307692 0.148014440433213 0.0390625 0.07220216606498195
102 0.2932692307692308 0.1552346570397112 0.048677884615384616 0.1588447653429603
45 0.28846153846153844 0.07942238267148015 0.04807692307692308 0.058664259927797835
111 0.34375 0.06859205776173286 0.05228365384615385 0.1092057761732852
73 0.3918269230769231 0.09386281588447654 0.043870192307692304 0.09386281588447654
41 0.5024038461538461 0.08664259927797834 0.052884615384615384 0.08574007220216606
80 0.5552884615384616 0.09386281588447654 0.034254807692307696 0.10108303249097472
20 0.44711538461538464 0.09386281588447654 0.04326923076923077 0.08664259927797834
107 0.6105769230769231 0.09386281588447654 0.047475961538461536 0.10198555956678701
82 0.6658653846153846 0.06859205776173286 0.05228365384615385 0.08032490974729242
82 0.6610576923076923 0.1444043321299639 0.04807692307692308 0.10830324909747292
46 0.71875 0.09386281588447654 0.04326923076923077 0.07220216606498195
58 0.34134615384615385 0.1371841155234657 0.04807692307692308 0.07942238267148015