29 0.4495192307692308 0.4188034188034188 0.043870192307692304 0.1452991452991453
68 0.41586538461538464 0.36324786324786323 0.043870192307692304 0.11004273504273504
179 0.38461538461538464 0.4358974358974359 0.048677884615384616 0.1014957264957265
59 0.4423076923076923 0.5897435897435898 0.047475961538461536 0.1014957264957265
42 0.7307692307692307 0.7051282051282052 0.04326923076923077 0.11004273504273504
93 0.5697115384615384 0.1752136752136752 0.043870192307692304 0.1452991452991453
61 0.6490384615384616 0.12393162393162394 0.047475961538461536 0.09508547008547008
91 0.5985576923076923 0.1282051282051282 0.043870192307692304 0.1111111111111111
94 0.42788461538461536 0.12393162393162394 0.052884615384615384 0.15384615384615385
94 0.4831730769230769 0.12393162393162394 0.05228365384615385 0.13675213675213677
1 0.5096153846153846 0.07692307692307693 0.019230769230769232 0.07692307692307693
1 0.6009615384615384 0.07692307692307693 0.019831730769230768 0.06837606837606838
33 0.4639423076923077 0.07692307692307693 0.034254807692307696 0.0673076923076923
13 0.21875 0.717948717948718 0.057692307692307696 0.10363247863247864
13 0.27884615384615385 0.7264957264957265 0.0673076923076923 0.1111111111111111
77 0.2980769230769231 0.5811965811965812 0.048677884615384616 0.12072649572649573
17 0.34615384615384615 0.6923076923076923 0.03786057692307692 0.11858974358974358
8 0.41346153846153844 0.7008547008547008 0.038461538461538464 0.06944444444444445
8 0.47836538461538464 0.7051282051282052 0.04266826923076923 0.060897435897435896
48 0.7211538461538461 0.6068376068376068 0.04807692307692308 0.10363247863247864
98 0.31009615384615385 0.41025641025641024 0.05348557692307692 0.18696581196581197
73 0.3581730769230769 0.36752136752136755 0.057692307692307696 0.1014957264957265
25 0.6274038461538461 0.19658119658119658 0.04266826923076923 0.10363247863247864
32 0.5480769230769231 0.07264957264957266 0.048677884615384616 0.07585470085470085
30 0.6514423076923077 0.05555555555555555 0.04266826923076923 0.03418803418803419
25 0.6923076923076923 0.07264957264957266 0.02403846153846154 0.09508547008547008