94 0.3301204819277108 0.36101083032490977 0.10120481927710843 0.17328519855595667
92 0.43614457831325304 0.44765342960288806 0.07289156626506024 0.13086642599277978
118 0.5397590361445783 0.37906137184115524 0.058433734939759036 0.12364620938628158
106 0.3204819277108434 0.516245487364621 0.0963855421686747 0.1299638989169675
27 0.7253012048192771 0.4368231046931408 0.07289156626506024 0.1371841155234657
51 0.6771084337349398 0.5848375451263538 0.06204819277108434 0.14530685920577618
49 0.1614457831325301 0.7111913357400722 0.07289156626506024 0.10830324909747292
18 0.23373493975903614 0.7148014440433214 0.06204819277108434 0.12906137184115524
18 0.30843373493975906 0.7111913357400722 0.0572289156626506 0.12364620938628158
36 0.39036144578313253 0.6895306859205776 0.06265060240963856 0.08664259927797834
57 0.4602409638554217 0.7111913357400722 0.06204819277108434 0.1092057761732852
6 0.5373493975903615 0.703971119133574 0.04819277108433735 0.10108303249097472
49 0.6120481927710844 0.7111913357400722 0.05301204819277108 0.10830324909747292
28 0.6843373493975904 0.7184115523465704 0.06265060240963856 0.10740072202166065
27 0.7566265060240964 0.703971119133574 0.06807228915662651 0.1299638989169675