12 0.5264423076923077 0.33212996389891697 0.0907451923076923 0.11552346570397112
51 0.44711538461538464 0.30685920577617326 0.0673076923076923 0.1299638989169675
54 0.2764423076923077 0.24548736462093862 0.0625 0.157942238267148
15 0.4206730769230769 0.1444043321299639 0.052884615384615384 0.11552346570397112
12 0.6394230769230769 0.10830324909747292 0.07692307692307693 0.07310469314079422
53 0.6802884615384616 0.1444043321299639 0.04266826923076923 0.1164259927797834
3 0.5504807692307693 0.148014440433213 0.04807692307692308 0.10830324909747292
42 0.5745192307692307 0.09025270758122744 0.04266826923076923 0.08664259927797834
42 0.5168269230769231 0.09025270758122744 0.04326923076923077 0.09386281588447654
54 0.4639423076923077 0.09025270758122744 0.04266826923076923 0.08664259927797834
84 0.3701923076923077 0.3176895306859206 0.048677884615384616 0.11462093862815885
73 0.6634615384615384 0.3285198555956679 0.057692307692307696 0.1092057761732852
53 0.7379807692307693 0.08303249097472924 0.038461538461538464 0.08664259927797834