94 0.3245192307692308 0.36823104693140796 0.12980769230769232 0.17418772563176896
118 0.5384615384615384 0.37906137184115524 0.05829326923076923 0.1299638989169675
92 0.4326923076923077 0.44404332129963897 0.07692307692307693 0.13808664259927797
106 0.31490384615384615 0.516245487364621 0.09615384615384616 0.1444043321299639
49 0.16105769230769232 0.7148014440433214 0.07211538461538461 0.11462093862815885
51 0.6730769230769231 0.5848375451263538 0.052884615384615384 0.14530685920577618
27 0.7283653846153846 0.44404332129963897 0.07151442307692307 0.12364620938628158
18 0.23076923076923078 0.7184115523465704 0.05829326923076923 0.12274368231046931
18 0.30528846153846156 0.7148014440433214 0.05348557692307692 0.12906137184115524
36 0.3894230769230769 0.6967509025270758 0.06670673076923077 0.08664259927797834
57 0.4567307692307692 0.7148014440433214 0.052884615384615384 0.11552346570397112
6 0.53125 0.7075812274368231 0.04807692307692308 0.10830324909747292
49 0.6081730769230769 0.7148014440433214 0.05228365384615385 0.10830324909747292
28 0.6802884615384616 0.7220216606498195 0.0625 0.10198555956678701
27 0.7524038461538461 0.7003610108303249 0.07151442307692307 0.1444043321299639