147 0.30288461538461536 0.2575107296137339 0.057692307692307696 0.1459227467811159
177 0.4206730769230769 0.2145922746781116 0.05348557692307692 0.1630901287553648
27 0.5841346153846154 0.1459227467811159 0.034254807692307696 0.13841201716738197
90 0.6009615384615384 0.34763948497854075 0.04807692307692308 0.16201716738197425
125 0.5384615384615384 0.3648068669527897 0.05709134615384615 0.1963519313304721
114 0.2932692307692308 0.5622317596566524 0.05709134615384615 0.12875536480686695
174 0.6706730769230769 0.49356223175965663 0.04266826923076923 0.1791845493562232
105 0.6850961538461539 0.2875536480686695 0.04807692307692308 0.16416309012875535
19 0.4326923076923077 0.6094420600858369 0.04326923076923077 0.1555793991416309
110 0.5048076923076923 0.5836909871244635 0.048677884615384616 0.1555793991416309
67 0.4375 0.44206008583690987 0.04807692307692308 0.11158798283261803
92 0.40384615384615385 0.37339055793991416 0.048677884615384616 0.1276824034334764
106 0.5 0.2875536480686695 0.038461538461538464 0.1276824034334764
109 0.7067307692307693 0.6051502145922747 0.048677884615384616 0.1276824034334764
132 0.36538461538461536 0.13733905579399142 0.048677884615384616 0.11909871244635194