31 0.472289156626506 0.7148014440433214 0.06746987951807229 0.1588447653429603
33 0.363855421686747 0.4620938628158845 0.10180722891566266 0.14350180505415164
45 0.24096385542168675 0.5415162454873647 0.07710843373493977 0.10198555956678701
51 0.5132530120481927 0.4548736462093863 0.05301204819277108 0.14530685920577618
27 0.6144578313253012 0.3935018050541516 0.06325301204819277 0.12184115523465704
18 0.6313253012048192 0.5487364620938628 0.05301204819277108 0.12906137184115524
31 0.5566265060240964 0.5342960288808665 0.06204819277108434 0.08574007220216606
33 0.1686746987951807 0.7328519855595668 0.09698795180722891 0.1299638989169675
18 0.2385542168674699 0.7328519855595668 0.053614457831325305 0.12274368231046931
57 0.30843373493975906 0.7364620938628159 0.058433734939759036 0.11462093862815885
36 0.3927710843373494 0.7148014440433214 0.07168674698795181 0.08664259927797834
6 0.5397590361445783 0.7256317689530686 0.04819277108433735 0.10108303249097472
49 0.6144578313253012 0.7364620938628159 0.05301204819277108 0.10830324909747292
57 0.6939759036144578 0.7292418772563177 0.0572289156626506 0.11552346570397112
28 0.7662650602409639 0.740072202166065 0.06265060240963856 0.1092057761732852