50 0.6875 0.6787003610108303 0.0625 0.12274368231046931
40 0.2283653846153846 0.7003610108303249 0.10036057692307693 0.1723826714801444
22 0.3798076923076923 0.5054151624548736 0.0859375 0.13086642599277978
52 0.4855769230769231 0.4368231046931408 0.07692307692307693 0.11552346570397112
34 0.6201923076923077 0.516245487364621 0.07211538461538461 0.12364620938628158
23 0.14182692307692307 0.6895306859205776 0.0673076923076923 0.12364620938628158
17 0.3004807692307692 0.6787003610108303 0.057692307692307696 0.11552346570397112
19 0.3798076923076923 0.6823104693140795 0.057692307692307696 0.12364620938628158
46 0.4543269230769231 0.6931407942238267 0.057692307692307696 0.10108303249097472
24 0.4951923076923077 0.5812274368231047 0.057692307692307696 0.13628158844765342
7 0.53125 0.6931407942238267 0.04807692307692308 0.10830324909747292
35 0.6129807692307693 0.6859205776173285 0.10096153846153846 0.11462093862815885
37 0.7644230769230769 0.6859205776173285 0.05709134615384615 0.1299638989169675