94 0.3301204819277108 0.35018050541516244 0.1210843373493976 0.1796028880866426
92 0.43855421686746987 0.4332129963898917 0.086144578313253 0.14350180505415164
118 0.5421686746987951 0.36462093862815886 0.053614457831325305 0.12364620938628158
27 0.7301204819277108 0.4259927797833935 0.06325301204819277 0.1299638989169675
106 0.3228915662650602 0.5018050541516246 0.08734939759036145 0.13628158844765342
51 0.6771084337349398 0.5703971119133574 0.05301204819277108 0.1444043321299639
49 0.163855421686747 0.7003610108303249 0.07650602409638554 0.10108303249097472
18 0.236144578313253 0.6967509025270758 0.05783132530120482 0.12184115523465704
18 0.3108433734939759 0.7003610108303249 0.05783132530120482 0.12906137184115524
36 0.39759036144578314 0.6859205776173285 0.07228915662650602 0.08754512635379061
57 0.46265060240963857 0.6967509025270758 0.05301204819277108 0.1092057761732852
6 0.5349397590361445 0.6931407942238267 0.0572289156626506 0.11462093862815885
49 0.6120481927710844 0.6967509025270758 0.0572289156626506 0.10830324909747292
28 0.6843373493975904 0.7075812274368231 0.06265060240963856 0.11462093862815885
27 0.7542168674698795 0.6895306859205776 0.07710843373493977 0.1371841155234657