82 0.6586538461538461 0.15021459227467812 0.04326923076923077 0.1276824034334764
82 0.6634615384615384 0.07296137339055794 0.0390625 0.10300429184549356
107 0.6129807692307693 0.09012875536480687 0.043870192307692304 0.10300429184549356
45 0.5216346153846154 0.0944206008583691 0.04807692307692308 0.08690987124463519
73 0.4254807692307692 0.09871244635193133 0.04807692307692308 0.11266094420600858
111 0.37740384615384615 0.055793991416309016 0.043870192307692304 0.09334763948497854
107 0.31490384615384615 0.15450643776824036 0.04266826923076923 0.10193133047210301
58 0.3798076923076923 0.1459227467811159 0.048677884615384616 0.10193133047210301
41 0.3389423076923077 0.16738197424892703 0.04266826923076923 0.13733905579399142
80 0.36778846153846156 0.2532188841201717 0.04807692307692308 0.14699570815450644
41 0.3293269230769231 0.060085836909871244 0.04266826923076923 0.0944206008583691
20 0.47115384615384615 0.09871244635193133 0.028846153846153848 0.09334763948497854
80 0.5649038461538461 0.09871244635193133 0.024639423076923076 0.0944206008583691