94 0.3253012048192771 0.36462093862815886 0.13012048192771083 0.16696750902527077
118 0.5373493975903615 0.37184115523465705 0.06204819277108434 0.1299638989169675
92 0.43373493975903615 0.44404332129963897 0.07228915662650602 0.12364620938628158
106 0.3156626506024096 0.5090252707581228 0.09096385542168675 0.13808664259927797
27 0.7253012048192771 0.4368231046931408 0.06325301204819277 0.11552346570397112
51 0.6746987951807228 0.5812274368231047 0.0572289156626506 0.13808664259927797
49 0.1614457831325301 0.703971119133574 0.07228915662650602 0.10740072202166065
18 0.23132530120481928 0.7075812274368231 0.058433734939759036 0.1164259927797834
18 0.3060240963855422 0.7075812274368231 0.06204819277108434 0.12906137184115524
36 0.38795180722891565 0.6823104693140795 0.06746987951807229 0.09296028880866426
57 0.45542168674698796 0.703971119133574 0.05783132530120482 0.12274368231046931
6 0.5277108433734939 0.6967509025270758 0.06325301204819277 0.11552346570397112
49 0.6096385542168675 0.7075812274368231 0.04819277108433735 0.10198555956678701
28 0.6795180722891566 0.7111913357400722 0.06265060240963856 0.10740072202166065
27 0.7518072289156627 0.6787003610108303 0.07710843373493977 0.14530685920577618