76 0.6538461538461539 0.11191335740072202 0.057692307692307696 0.15072202166064982
111 0.13942307692307693 0.7075812274368231 0.06790865384615384 0.1371841155234657
50 0.21394230769230768 0.7111913357400722 0.0625 0.12184115523465704
50 0.2980769230769231 0.7148014440433214 0.057692307692307696 0.12906137184115524
40 0.37740384615384615 0.7111913357400722 0.10036057692307693 0.10830324909747292
22 0.25961538461538464 0.06859205776173286 0.057692307692307696 0.09386281588447654
22 0.3245192307692308 0.06859205776173286 0.07151442307692307 0.09386281588447654
45 0.5240384615384616 0.23465703971119134 0.04807692307692308 0.12364620938628158
83 0.5913461538461539 0.23826714801444043 0.0859375 0.14350180505415164
36 0.6274038461538461 0.17328519855595667 0.043870192307692304 0.06498194945848375
25 0.5865384615384616 0.1299638989169675 0.047475961538461536 0.07220216606498195
45 0.7139423076923077 0.06498194945848375 0.043870192307692304 0.08664259927797834
50 0.5408653846153846 0.06498194945848375 0.043870192307692304 0.08574007220216606
59 0.5985576923076923 0.06859205776173286 0.024639423076923076 0.08032490974729242
20 0.75 0.6787003610108303 0.05829326923076923 0.17328519855595667