133 0.4855769230769231 0.38197424892703863 0.12560096153846154 0.21566523605150215
135 0.6081730769230769 0.4892703862660944 0.09615384615384616 0.1459227467811159
75 0.5072115384615384 0.5708154506437768 0.07692307692307693 0.14699570815450644
103 0.20432692307692307 0.6866952789699571 0.0673076923076923 0.11909871244635194
42 0.27403846153846156 0.6909871244635193 0.04807692307692308 0.10300429184549356
114 0.3004807692307692 0.5665236051502146 0.07151442307692307 0.1555793991416309
73 0.5985576923076923 0.3648068669527897 0.052884615384615384 0.12017167381974249
42 0.33653846153846156 0.6952789699570815 0.04326923076923077 0.0944206008583691
109 0.375 0.6094420600858369 0.0625 0.12875536480686695
84 0.3485576923076923 0.36909871244635195 0.061899038461538464 0.13626609442060086
112 0.6658653846153846 0.3605150214592275 0.04807692307692308 0.1459227467811159