101 0.5216346153846154 0.33905579399141633 0.05348557692307692 0.07832618025751073
45 0.5841346153846154 0.3133047210300429 0.04326923076923077 0.09334763948497854
49 0.36778846153846156 0.09012875536480687 0.04266826923076923 0.09334763948497854
49 0.41346153846153844 0.09012875536480687 0.0390625 0.09334763948497854
110 0.45913461538461536 0.09012875536480687 0.04326923076923077 0.09549356223175966
7 0.5048076923076923 0.08583690987124463 0.038461538461538464 0.08583690987124463
82 0.65625 0.12875536480686695 0.04326923076923077 0.13841201716738197
56 0.3269230769230769 0.0815450643776824 0.038461538461538464 0.0944206008583691
111 0.6081730769230769 0.23605150214592274 0.05228365384615385 0.12017167381974249
85 0.6009615384615384 0.15021459227467812 0.04326923076923077 0.09334763948497854
111 0.5504807692307693 0.09012875536480687 0.034254807692307696 0.0944206008583691
21 0.5961538461538461 0.08583690987124463 0.04326923076923077 0.07725321888412018
21 0.6394230769230769 0.07296137339055794 0.029447115384615384 0.07832618025751073
101 0.6875 0.10300429184549356 0.0390625 0.05257510729613734