26 0.20192307692307693 0.721030042918455 0.047475961538461536 0.10407725321888411
26 0.2668269230769231 0.721030042918455 0.05348557692307692 0.10407725321888411
48 0.3293269230769231 0.7253218884120172 0.04326923076923077 0.09334763948497854
53 0.4543269230769231 0.6952789699570815 0.04326923076923077 0.10300429184549356
28 0.5192307692307693 0.7081545064377682 0.04326923076923077 0.11051502145922747
53 0.5865384615384616 0.6952789699570815 0.047475961538461536 0.10193133047210301
4 0.7115384615384616 0.703862660944206 0.052884615384615384 0.12017167381974249
109 0.7043269230769231 0.592274678111588 0.043870192307692304 0.10407725321888411
174 0.6370192307692307 0.5665236051502146 0.05228365384615385 0.1630901287553648
89 0.5625 0.5793991416309013 0.048677884615384616 0.13733905579399142
73 0.5576923076923077 0.4248927038626609 0.048677884615384616 0.1276824034334764
64 0.46153846153846156 0.3562231759656652 0.05829326923076923 0.16201716738197425
79 0.30288461538461536 0.4248927038626609 0.0673076923076923 0.13733905579399142
110 0.28846153846153844 0.592274678111588 0.06670673076923077 0.13733905579399142