31 0.45913461538461536 0.6859205776173285 0.0811298076923077 0.17328519855595667
33 0.3485576923076923 0.4548736462093863 0.08173076923076923 0.1444043321299639
45 0.2283653846153846 0.5306859205776173 0.0811298076923077 0.1092057761732852
51 0.49759615384615385 0.44404332129963897 0.05348557692307692 0.15252707581227437
27 0.6009615384615384 0.37906137184115524 0.07211538461538461 0.12364620938628158
18 0.6177884615384616 0.5379061371841155 0.043870192307692304 0.12274368231046931
31 0.5432692307692307 0.5234657039711191 0.05829326923076923 0.08664259927797834
33 0.15384615384615385 0.7256317689530686 0.07752403846153846 0.12274368231046931
18 0.22355769230769232 0.7256317689530686 0.057692307692307696 0.12274368231046931
57 0.2956730769230769 0.7256317689530686 0.0673076923076923 0.11552346570397112
36 0.3798076923076923 0.7003610108303249 0.0625 0.08664259927797834
6 0.5264423076923077 0.7148014440433214 0.04807692307692308 0.10830324909747292
49 0.6033653846153846 0.7256317689530686 0.04807692307692308 0.1092057761732852
57 0.6802884615384616 0.7256317689530686 0.052884615384615384 0.1092057761732852
28 0.7524038461538461 0.7328519855595668 0.06310096153846154 0.11552346570397112