101 0.5144230769230769 0.296137339055794 0.0673076923076923 0.1298283261802575
45 0.5817307692307693 0.296137339055794 0.04807692307692308 0.10300429184549356
21 0.65625 0.11158798283261803 0.038461538461538464 0.12017167381974249
21 0.6899038461538461 0.055793991416309016 0.04326923076923077 0.10300429184549356
40 0.5913461538461539 0.07296137339055794 0.047475961538461536 0.09334763948497854
37 0.40384615384615385 0.06866952789699571 0.0390625 0.10193133047210301
23 0.49759615384615385 0.06866952789699571 0.038461538461538464 0.10193133047210301
23 0.5432692307692307 0.06866952789699571 0.04326923076923077 0.10193133047210301
50 0.6418269230769231 0.05150214592274678 0.04266826923076923 0.10193133047210301
24 0.6298076923076923 0.19313304721030042 0.0390625 0.11051502145922747
50 0.6033653846153846 0.2317596566523605 0.043870192307692304 0.11909871244635194