85 0.2692307692307692 0.2471042471042471 0.04326923076923077 0.09362934362934362
82 0.2764423076923077 0.12355212355212356 0.052884615384615384 0.13996138996138996
110 0.34375 0.14285714285714285 0.04807692307692308 0.1167953667953668
101 0.3004807692307692 0.3359073359073359 0.0673076923076923 0.07722007722007722
10 0.3581730769230769 0.3166023166023166 0.05228365384615385 0.12451737451737452
111 0.4254807692307692 0.2702702702702703 0.04266826923076923 0.12258687258687259
78 0.38221153846153844 0.5096525096525096 0.05348557692307692 0.138996138996139
59 0.4182692307692308 0.5945945945945946 0.047475961538461536 0.10038610038610038
36 0.45913461538461536 0.5096525096525096 0.04326923076923077 0.08494208494208494
118 0.5 0.5714285714285714 0.048677884615384616 0.13127413127413126
9 0.5841346153846154 0.5791505791505791 0.061899038461538464 0.138996138996139
92 0.5360576923076923 0.5135135135135135 0.043870192307692304 0.13127413127413126
117 0.46153846153846156 0.36293436293436293 0.05829326923076923 0.13803088803088803
32 0.49759615384615385 0.29343629343629346 0.052884615384615384 0.10810810810810811
45 0.46634615384615385 0.24324324324324326 0.04807692307692308 0.08397683397683398
56 0.3173076923076923 0.7065637065637066 0.08713942307692307 0.138996138996139
57 0.4639423076923077 0.7027027027027027 0.04807692307692308 0.09362934362934362
9 0.5408653846153846 0.694980694980695 0.04266826923076923 0.13127413127413126
36 0.6057692307692307 0.7065637065637066 0.07211538461538461 0.10810810810810811
29 0.49759615384615385 0.43243243243243246 0.05228365384615385 0.11583011583011583
21 0.3389423076923077 0.08108108108108109 0.033052884615384616 0.05405405405405406
33 0.39903846153846156 0.08494208494208494 0.048677884615384616 0.10714285714285714
33 0.5 0.0888030888030888 0.048677884615384616 0.10810810810810811
20 0.4495192307692308 0.0888030888030888 0.043870192307692304 0.10810810810810811
32 0.5528846153846154 0.08108108108108109 0.04807692307692308 0.09942084942084942
27 0.6081730769230769 0.0888030888030888 0.04807692307692308 0.08494208494208494
27 0.6586538461538461 0.08108108108108109 0.04326923076923077 0.0859073359073359
1 0.7067307692307693 0.07335907335907337 0.029447115384615384 0.10038610038610038