76 0.6586538461538461 0.10830324909747292 0.057692307692307696 0.14530685920577618
111 0.1466346153846154 0.7003610108303249 0.07151442307692307 0.1371841155234657
50 0.22355769230769232 0.703971119133574 0.0625 0.12184115523465704
50 0.30528846153846156 0.7075812274368231 0.057692307692307696 0.12906137184115524
40 0.3870192307692308 0.703971119133574 0.10036057692307693 0.10740072202166065
22 0.2692307692307692 0.06498194945848375 0.05709134615384615 0.09386281588447654
22 0.3317307692307692 0.06498194945848375 0.06790865384615384 0.09386281588447654
45 0.53125 0.22743682310469315 0.04807692307692308 0.12364620938628158
83 0.5985576923076923 0.23465703971119134 0.08173076923076923 0.13808664259927797
36 0.6346153846153846 0.16606498194945848 0.047475961538461536 0.06498194945848375
25 0.59375 0.1263537906137184 0.043870192307692304 0.07220216606498195
45 0.71875 0.061371841155234655 0.043870192307692304 0.08664259927797834
50 0.5480769230769231 0.061371841155234655 0.047475961538461536 0.08032490974729242
59 0.6057692307692307 0.06498194945848375 0.028245192307692308 0.08574007220216606
20 0.7572115384615384 0.6714801444043321 0.061899038461538464 0.17328519855595667