33 0.3629807692307692 0.45126353790613716 0.11538461538461539 0.15252707581227437
51 0.5144230769230769 0.4404332129963899 0.052884615384615384 0.1444043321299639
27 0.6225961538461539 0.37906137184115524 0.061899038461538464 0.12274368231046931
27 0.6129807692307693 0.48014440433212996 0.004206730769230769 0.00631768953068592
18 0.6322115384615384 0.5342960288808665 0.057692307692307696 0.12274368231046931
31 0.5600961538461539 0.5306859205776173 0.06310096153846154 0.1092057761732852
45 0.2403846153846154 0.5306859205776173 0.08653846153846154 0.12184115523465704
36 0.39663461538461536 0.7075812274368231 0.07692307692307693 0.10830324909747292
6 0.5408653846153846 0.7148014440433214 0.043870192307692304 0.11462093862815885
49 0.6177884615384616 0.7256317689530686 0.05228365384615385 0.1092057761732852
57 0.6947115384615384 0.7184115523465704 0.05228365384615385 0.10830324909747292
28 0.7668269230769231 0.7220216606498195 0.07151442307692307 0.1164259927797834
31 0.47836538461538464 0.7148014440433214 0.07271634615384616 0.12274368231046931
57 0.31009615384615385 0.7184115523465704 0.07151442307692307 0.12274368231046931
18 0.23557692307692307 0.7220216606498195 0.05829326923076923 0.14350180505415164
33 0.1658653846153846 0.7220216606498195 0.08233173076923077 0.1299638989169675