111 0.4567307692307692 0.6931407942238267 0.0859375 0.14350180505415164
84 0.3076923076923077 0.37184115523465705 0.10096153846153846 0.1371841155234657
85 0.4879807692307692 0.44765342960288806 0.057692307692307696 0.1588447653429603
83 0.6730769230769231 0.37545126353790614 0.10096153846153846 0.15162454873646208
101 0.29086538461538464 0.5270758122743683 0.10997596153846154 0.14530685920577618
107 0.4951923076923077 0.5956678700361011 0.0625 0.1092057761732852
34 0.6081730769230769 0.5379061371841155 0.07151442307692307 0.12274368231046931
17 0.13942307692307693 0.7075812274368231 0.05709134615384615 0.10198555956678701
113 0.20673076923076922 0.7148014440433214 0.0625 0.14350180505415164
17 0.29086538461538464 0.703971119133574 0.057692307692307696 0.1092057761732852
98 0.3701923076923077 0.7075812274368231 0.05829326923076923 0.13086642599277978
7 0.5240384615384616 0.7111913357400722 0.048677884615384616 0.10740072202166065
7 0.6009615384615384 0.7111913357400722 0.047475961538461536 0.10740072202166065
34 0.6682692307692307 0.7256317689530686 0.06790865384615384 0.1371841155234657
96 0.7644230769230769 0.6967509025270758 0.1346153846153846 0.1371841155234657