92 0.4423076923076923 0.2863247863247863 0.04807692307692308 0.16132478632478633
117 0.3245192307692308 0.3076923076923077 0.057692307692307696 0.1452991452991453
115 0.59375 0.2094017094017094 0.04266826923076923 0.18055555555555555
63 0.5072115384615384 0.1794871794871795 0.052884615384615384 0.1111111111111111
83 0.6298076923076923 0.2948717948717949 0.047475961538461536 0.1282051282051282
76 0.6466346153846154 0.1111111111111111 0.04266826923076923 0.1452991452991453
86 0.3629807692307692 0.11538461538461539 0.043870192307692304 0.14423076923076922
103 0.3076923076923077 0.11965811965811966 0.047475961538461536 0.13782051282051283
54 0.41346153846153844 0.06837606837606838 0.04326923076923077 0.08547008547008547
42 0.46153846153846156 0.07692307692307693 0.038461538461538464 0.09401709401709402
118 0.5889423076923077 0.10683760683760683 0.04326923076923077 0.1111111111111111