111 0.7355769230769231 0.05776173285198556 0.05709134615384615 0.11552346570397112
168 0.28365384615384615 0.11913357400722022 0.05829326923076923 0.1444043321299639
82 0.6802884615384616 0.1299638989169675 0.043870192307692304 0.11552346570397112
82 0.7235576923076923 0.18411552346570398 0.043870192307692304 0.12184115523465704
21 0.3485576923076923 0.06498194945848375 0.04807692307692308 0.08664259927797834
21 0.39903846153846156 0.061371841155234655 0.03365384615384615 0.05776173285198556
161 0.375 0.30685920577617326 0.11057692307692307 0.1444043321299639
106 0.5216346153846154 0.2815884476534296 0.0625 0.13086642599277978
111 0.6586538461538461 0.2924187725631769 0.06670673076923077 0.1299638989169675
24 0.5697115384615384 0.08303249097472924 0.04326923076923077 0.09296028880866426
48 0.6274038461538461 0.09025270758122744 0.04807692307692308 0.05144404332129964
24 0.5168269230769231 0.07942238267148015 0.043870192307692304 0.07942238267148015
85 0.41586538461538464 0.148014440433213 0.05228365384615385 0.12184115523465704
2 0.4567307692307692 0.061371841155234655 0.06670673076923077 0.05776173285198556
48 0.35336538461538464 0.148014440433213 0.04807692307692308 0.07851985559566788