2 0.2956730769230769 0.1111111111111111 0.04807692307692308 0.09401709401709402
111 0.4014423076923077 0.23931623931623933 0.043870192307692304 0.1282051282051282
85 0.5168269230769231 0.14957264957264957 0.04326923076923077 0.1111111111111111
168 0.6322115384615384 0.1282051282051282 0.043870192307692304 0.15491452991452992
103 0.6802884615384616 0.07264957264957266 0.043870192307692304 0.1282051282051282
106 0.4951923076923077 0.2905982905982906 0.052884615384615384 0.13782051282051283
101 0.46153846153846156 0.24786324786324787 0.07211538461538461 0.13568376068376067
21 0.5745192307692307 0.13247863247863248 0.043870192307692304 0.12713675213675213
111 0.35336538461538464 0.0641025641025641 0.052884615384615384 0.12713675213675213
54 0.40384615384615385 0.08547008547008547 0.03786057692307692 0.09401709401709402
24 0.49038461538461536 0.08974358974358974 0.0390625 0.09294871794871795