120 0.65625 0.1299638989169675 0.043870192307692304 0.14350180505415164
50 0.15625 0.7184115523465704 0.057692307692307696 0.12364620938628158
50 0.22596153846153846 0.7220216606498195 0.057692307692307696 0.1299638989169675
40 0.30288461538461536 0.7220216606498195 0.09555288461538461 0.11552346570397112
48 0.37740384615384615 0.7148014440433214 0.05228365384615385 0.1164259927797834
111 0.30528846153846156 0.37545126353790614 0.06310096153846154 0.15162454873646208
22 0.4543269230769231 0.37906137184115524 0.07151442307692307 0.1092057761732852
22 0.49278846153846156 0.3176895306859206 0.06310096153846154 0.12274368231046931
40 0.6057692307692307 0.4007220216606498 0.0859375 0.07220216606498195
46 0.59375 0.1552346570397112 0.04807692307692308 0.09296028880866426
57 0.5240384615384616 0.1552346570397112 0.047475961538461536 0.09476534296028881
42 0.6586538461538461 0.07220216606498195 0.02403846153846154 0.058664259927797835
46 0.7139423076923077 0.09025270758122744 0.033052884615384616 0.07942238267148015