100 0.5024038461538461 0.2703862660944206 0.052884615384615384 0.1813304721030043
9 0.5576923076923077 0.05150214592274678 0.02403846153846154 0.08476394849785408
9 0.6057692307692307 0.055793991416309016 0.028846153846153848 0.08583690987124463
97 0.7019230769230769 0.034334763948497854 0.04807692307692308 0.06866952789699571
36 0.6514423076923077 0.03862660944206009 0.04326923076923077 0.07618025751072961
14 0.36778846153846156 0.05150214592274678 0.04266826923076923 0.10193133047210301
117 0.5697115384615384 0.2875536480686695 0.04807692307692308 0.12017167381974249
3 0.5961538461538461 0.21888412017167383 0.047475961538461536 0.07832618025751073
97 0.5360576923076923 0.21888412017167383 0.03365384615384615 0.04291845493562232
76 0.5600961538461539 0.15879828326180256 0.038461538461538464 0.11266094420600858
69 0.5048076923076923 0.12446351931330472 0.048677884615384616 0.11051502145922747
54 0.4735576923076923 0.2017167381974249 0.038461538461538464 0.14699570815450644
10 0.32211538461538464 0.05150214592274678 0.047475961538461536 0.10300429184549356
49 0.4182692307692308 0.055793991416309016 0.04326923076923077 0.0944206008583691