101 0.3004807692307692 0.3261802575107296 0.057692307692307696 0.08583690987124463
84 0.3605769230769231 0.2918454935622318 0.04807692307692308 0.13733905579399142
22 0.4855769230769231 0.2875536480686695 0.04326923076923077 0.14699570815450644
111 0.4519230769230769 0.2017167381974249 0.038461538461538464 0.14484978540772533
31 0.5168269230769231 0.24034334763948498 0.043870192307692304 0.10300429184549356
13 0.6081730769230769 0.30472103004291845 0.04807692307692308 0.09334763948497854
85 0.6201923076923077 0.11587982832618025 0.04326923076923077 0.14484978540772533
53 0.4879807692307692 0.07296137339055794 0.024639423076923076 0.07832618025751073
53 0.5288461538461539 0.06437768240343347 0.029447115384615384 0.06866952789699571
31 0.5793269230769231 0.06866952789699571 0.024639423076923076 0.08476394849785408
45 0.6298076923076923 0.06437768240343347 0.03786057692307692 0.07725321888412018
13 0.3004807692307692 0.07725321888412018 0.033052884615384616 0.06974248927038626
29 0.6802884615384616 0.055793991416309016 0.05228365384615385 0.11158798283261803