145 0.5841346153846154 0.592057761732852 0.05348557692307692 0.1588447653429603
110 0.7596153846153846 0.5956678700361011 0.04807692307692308 0.13808664259927797
109 0.6706730769230769 0.628158844765343 0.05228365384615385 0.08664259927797834
111 0.32211538461538464 0.35379061371841153 0.05829326923076923 0.15162454873646208
111 0.30528846153846156 0.6967509025270758 0.05348557692307692 0.12274368231046931
82 0.25 0.5776173285198556 0.06670673076923077 0.1371841155234657
3 0.33413461538461536 0.5884476534296029 0.057692307692307696 0.12184115523465704
106 0.47596153846153844 0.36823104693140796 0.07692307692307693 0.157942238267148
101 0.6153846153846154 0.3862815884476534 0.10576923076923077 0.1371841155234657
50 0.3894230769230769 0.7075812274368231 0.05829326923076923 0.10830324909747292
45 0.5432692307692307 0.7148014440433214 0.057692307692307696 0.10198555956678701
45 0.6201923076923077 0.7184115523465704 0.05829326923076923 0.10830324909747292
42 0.7716346153846154 0.7148014440433214 0.043870192307692304 0.10830324909747292
101 0.15625 0.7220216606498195 0.11117788461538461 0.15974729241877256
40 0.24278846153846154 0.7256317689530686 0.061899038461538464 0.1371841155234657