103 0.2403846153846154 0.592057761732852 0.07211538461538461 0.12274368231046931
74 0.23076923076923078 0.3574007220216607 0.07211538461538461 0.15072202166064982
100 0.38461538461538464 0.3574007220216607 0.06670673076923077 0.1588447653429603
170 0.4230769230769231 0.23826714801444043 0.048677884615384616 0.14530685920577618
70 0.45913461538461536 0.36101083032490977 0.052884615384615384 0.14530685920577618
54 0.4639423076923077 0.23465703971119134 0.04326923076923077 0.10740072202166065
78 0.5 0.2851985559566787 0.05709134615384615 0.12184115523465704
137 0.4951923076923077 0.1552346570397112 0.03786057692307692 0.1371841155234657
60 0.5336538461538461 0.11552346570397112 0.0625 0.11462093862815885
69 0.59375 0.1371841155234657 0.043870192307692304 0.1371841155234657
138 0.3918269230769231 0.11913357400722022 0.05228365384615385 0.12184115523465704
63 0.6730769230769231 0.5631768953068592 0.05709134615384615 0.12274368231046931
109 0.3293269230769231 0.6137184115523465 0.08233173076923077 0.1299638989169675
92 0.30528846153846156 0.37906137184115524 0.0625 0.1299638989169675
98 0.34615384615384615 0.30324909747292417 0.04807692307692308 0.1164259927797834
98 0.5745192307692307 0.2996389891696751 0.05348557692307692 0.15252707581227437
3 0.4543269230769231 0.13357400722021662 0.04807692307692308 0.07942238267148015
74 0.6177884615384616 0.6787003610108303 0.11057692307692307 0.15974729241877256
10 0.6995192307692307 0.6823104693140795 0.08233173076923077 0.16606498194945848
114 0.75 0.5595667870036101 0.052884615384615384 0.10830324909747292
70 0.7884615384615384 0.6859205776173285 0.11598557692307693 0.17418772563176896