94 0.5288461538461539 0.5812274368231047 0.11057692307692307 0.17328519855595667
112 0.6057692307692307 0.4043321299638989 0.0673076923076923 0.20938628158844766
88 0.7764423076923077 0.6895306859205776 0.10036057692307693 0.17328519855595667
89 0.4807692307692308 0.36462093862815886 0.08713942307692307 0.15072202166064982
31 0.6346153846153846 0.7111913357400722 0.05709134615384615 0.12184115523465704
110 0.3173076923076923 0.7075812274368231 0.06790865384615384 0.13086642599277978
97 0.17067307692307693 0.6787003610108303 0.09134615384615384 0.10108303249097472
118 0.31490384615384615 0.516245487364621 0.07151442307692307 0.13628158844765342
66 0.4326923076923077 0.5740072202166066 0.05829326923076923 0.15162454873646208
78 0.40625 0.37545126353790614 0.05348557692307692 0.14530685920577618
106 0.5600961538461539 0.36462093862815886 0.052884615384615384 0.12184115523465704