103 0.2403846153846154 0.5848375451263538 0.07211538461538461 0.12274368231046931
74 0.23317307692307693 0.3574007220216607 0.07151442307692307 0.1444043321299639
100 0.38221153846153844 0.3574007220216607 0.0625 0.15252707581227437
170 0.4206730769230769 0.23826714801444043 0.05228365384615385 0.1444043321299639
70 0.4543269230769231 0.36101083032490977 0.05228365384615385 0.1444043321299639
54 0.46153846153846156 0.23826714801444043 0.04326923076923077 0.10198555956678701
78 0.4951923076923077 0.2851985559566787 0.052884615384615384 0.11552346570397112
137 0.49038461538461536 0.1552346570397112 0.03786057692307692 0.1371841155234657
60 0.5288461538461539 0.11913357400722022 0.0625 0.10830324909747292
69 0.5889423076923077 0.1407942238267148 0.043870192307692304 0.13628158844765342
138 0.3918269230769231 0.12274368231046931 0.05228365384615385 0.11552346570397112
63 0.6658653846153846 0.5595667870036101 0.05348557692307692 0.12184115523465704
109 0.3269230769230769 0.6064981949458483 0.08173076923076923 0.12906137184115524
92 0.30528846153846156 0.37545126353790614 0.061899038461538464 0.12906137184115524
98 0.34615384615384615 0.30324909747292417 0.047475961538461536 0.11552346570397112
98 0.5673076923076923 0.2996389891696751 0.05709134615384615 0.15162454873646208
3 0.4519230769230769 0.1371841155234657 0.04807692307692308 0.07942238267148015
74 0.6105769230769231 0.6714801444043321 0.1063701923076923 0.1588447653429603
10 0.6923076923076923 0.6750902527075813 0.0859375 0.1651624548736462
114 0.7403846153846154 0.555956678700361 0.052884615384615384 0.10198555956678701
70 0.7788461538461539 0.6750902527075813 0.11538461538461539 0.17328519855595667