33 0.3686746987951807 0.45126353790613716 0.0825301204819277 0.15162454873646208
51 0.5132530120481927 0.44404332129963897 0.06265060240963856 0.15162454873646208
27 0.6144578313253012 0.37906137184115524 0.07710843373493977 0.12364620938628158
31 0.4771084337349398 0.7256317689530686 0.06265060240963856 0.12184115523465704
36 0.4 0.7075812274368231 0.07228915662650602 0.10198555956678701
18 0.6313253012048192 0.5379061371841155 0.043373493975903614 0.12364620938628158
31 0.5566265060240964 0.5054151624548736 0.053614457831325305 0.12906137184115524
45 0.24096385542168675 0.5306859205776173 0.086144578313253 0.1092057761732852
33 0.1686746987951807 0.7256317689530686 0.0819277108433735 0.1299638989169675
18 0.236144578313253 0.7256317689530686 0.058433734939759036 0.12274368231046931
57 0.30843373493975906 0.7220216606498195 0.06686746987951807 0.11462093862815885
6 0.5397590361445783 0.7184115523465704 0.04819277108433735 0.10830324909747292
49 0.619277108433735 0.7256317689530686 0.05240963855421687 0.1092057761732852
57 0.6939759036144578 0.7220216606498195 0.0572289156626506 0.11462093862815885
28 0.7686746987951807 0.7292418772563177 0.06746987951807229 0.11462093862815885