101 0.4567307692307692 0.33476394849785407 0.057692307692307696 0.08476394849785408
106 0.5192307692307693 0.2875536480686695 0.057692307692307696 0.1459227467811159
111 0.5769230769230769 0.2918454935622318 0.047475961538461536 0.12124463519313304
82 0.65625 0.13304721030042918 0.043870192307692304 0.1276824034334764
21 0.7067307692307693 0.07725321888412018 0.04326923076923077 0.10300429184549356
21 0.6610576923076923 0.06437768240343347 0.04326923076923077 0.07832618025751073
45 0.5673076923076923 0.07725321888412018 0.04326923076923077 0.08690987124463519
71 0.42788461538461536 0.13733905579399142 0.04326923076923077 0.08690987124463519
15 0.37740384615384615 0.13733905579399142 0.04266826923076923 0.08690987124463519
20 0.34375 0.18454935622317598 0.043870192307692304 0.11158798283261803
87 0.3173076923076923 0.14163090128755365 0.048677884615384616 0.1298283261802575
50 0.6105769230769231 0.07725321888412018 0.03365384615384615 0.0944206008583691