98 0.3870192307692308 0.30472103004291845 0.052884615384615384 0.12875536480686695
112 0.44711538461538464 0.26180257510729615 0.052884615384615384 0.1791845493562232
98 0.5721153846153846 0.30472103004291845 0.04807692307692308 0.1276824034334764
76 0.5072115384615384 0.16738197424892703 0.04266826923076923 0.13733905579399142
9 0.5360576923076923 0.15021459227467812 0.04266826923076923 0.11051502145922747
77 0.47836538461538464 0.13733905579399142 0.04326923076923077 0.10407725321888411
9 0.41586538461538464 0.08583690987124463 0.04266826923076923 0.10407725321888411
17 0.5120192307692307 0.08583690987124463 0.028846153846153848 0.06866952789699571
18 0.5576923076923077 0.09871244635193133 0.028245192307692308 0.08583690987124463
77 0.6057692307692307 0.0815450643776824 0.028846153846153848 0.09334763948497854
76 0.6490384615384616 0.07296137339055794 0.04326923076923077 0.1298283261802575
37 0.46153846153846156 0.0815450643776824 0.03786057692307692 0.09334763948497854
112 0.6971153846153846 0.060085836909871244 0.04326923076923077 0.12017167381974249