5 0.6634615384615384 0.1371841155234657 0.0390625 0.13086642599277978
103 0.24759615384615385 0.5776173285198556 0.04807692307692308 0.12906137184115524
40 0.3870192307692308 0.7184115523465704 0.09194711538461539 0.1092057761732852
42 0.6105769230769231 0.7075812274368231 0.04326923076923077 0.07310469314079422
86 0.6682692307692307 0.5848375451263538 0.052884615384615384 0.10108303249097472
71 0.5841346153846154 0.5884476534296029 0.04807692307692308 0.09296028880866426
87 0.7451923076923077 0.592057761732852 0.08713942307692307 0.12274368231046931
40 0.5456730769230769 0.3862815884476534 0.08653846153846154 0.08664259927797834
45 0.45913461538461536 0.38267148014440433 0.05348557692307692 0.15974729241877256
111 0.3918269230769231 0.37184115523465705 0.052884615384615384 0.1444043321299639
84 0.35336538461538464 0.30685920577617326 0.05348557692307692 0.12364620938628158
101 0.28846153846153844 0.3176895306859206 0.08173076923076923 0.12274368231046931
92 0.5384615384615384 0.2527075812274368 0.0625 0.12906137184115524
73 0.6442307692307693 0.30685920577617326 0.057692307692307696 0.13808664259927797
53 0.5336538461538461 0.13357400722021662 0.04807692307692308 0.10830324909747292
45 0.6129807692307693 0.09025270758122744 0.04266826923076923 0.07220216606498195
45 0.6682692307692307 0.05776173285198556 0.02403846153846154 0.015342960288808664
53 0.7163461538461539 0.09025270758122744 0.02403846153846154 0.07851985559566788
26 0.6754807692307693 0.703971119133574 0.057692307692307696 0.15072202166064982
33 0.7548076923076923 0.7148014440433214 0.09555288461538461 0.1444043321299639
51 0.28365384615384615 0.08303249097472924 0.03786057692307692 0.10740072202166065