112 0.4326923076923077 0.2815884476534296 0.057692307692307696 0.18682310469314078
77 0.3389423076923077 0.08303249097472924 0.052884615384615384 0.12184115523465704
16 0.6153846153846154 0.08664259927797834 0.0390625 0.10198555956678701
76 0.6658653846153846 0.07942238267148015 0.04326923076923077 0.12274368231046931
112 0.7259615384615384 0.07220216606498195 0.057692307692307696 0.12274368231046931
76 0.5024038461538461 0.18050541516245489 0.04266826923076923 0.1371841155234657
78 0.5024038461538461 0.3140794223826715 0.05228365384615385 0.16606498194945848
98 0.5745192307692307 0.3176895306859206 0.052884615384615384 0.1164259927797834
98 0.3605769230769231 0.30685920577617326 0.0625 0.1299638989169675
9 0.5360576923076923 0.15162454873646208 0.043870192307692304 0.10198555956678701
18 0.5600961538461539 0.09386281588447654 0.05228365384615385 0.10108303249097472
17 0.5024038461538461 0.09386281588447654 0.043870192307692304 0.09386281588447654
37 0.4519230769230769 0.09025270758122744 0.047475961538461536 0.07942238267148015
77 0.46875 0.1444043321299639 0.04266826923076923 0.09386281588447654
9 0.39663461538461536 0.08664259927797834 0.04807692307692308 0.10108303249097472