57 0.3173076923076923 0.7148014440433214 0.057692307692307696 0.11552346570397112
6 0.5552884615384616 0.703971119133574 0.04807692307692308 0.10830324909747292
33 0.16105769230769232 0.7148014440433214 0.061899038461538464 0.12274368231046931
27 0.625 0.3574007220216607 0.07211538461538461 0.1299638989169675
28 0.7884615384615384 0.7148014440433214 0.048677884615384616 0.10108303249097472
33 0.36778846153846156 0.4332129963898917 0.11057692307692307 0.1444043321299639
51 0.5216346153846154 0.4223826714801444 0.05348557692307692 0.15162454873646208
31 0.5673076923076923 0.51985559566787 0.05709134615384615 0.11552346570397112
18 0.6442307692307693 0.5234657039711191 0.048677884615384616 0.1299638989169675
45 0.7331730769230769 0.516245487364621 0.057692307692307696 0.1092057761732852
18 0.2403846153846154 0.7148014440433214 0.0625 0.12906137184115524
36 0.40384615384615385 0.6967509025270758 0.0673076923076923 0.09386281588447654
31 0.4831730769230769 0.7111913357400722 0.0673076923076923 0.1092057761732852
49 0.6322115384615384 0.7111913357400722 0.05228365384615385 0.1092057761732852
57 0.7115384615384616 0.7111913357400722 0.052884615384615384 0.1092057761732852