112 0.43028846153846156 0.2815884476534296 0.057692307692307696 0.18050541516245489
77 0.3389423076923077 0.08303249097472924 0.052884615384615384 0.12184115523465704
16 0.6129807692307693 0.08664259927797834 0.04266826923076923 0.10198555956678701
76 0.6634615384615384 0.07942238267148015 0.04326923076923077 0.12274368231046931
112 0.7235576923076923 0.07220216606498195 0.05348557692307692 0.12274368231046931
76 0.5 0.18050541516245489 0.0390625 0.1371841155234657
78 0.5 0.3140794223826715 0.048677884615384616 0.16606498194945848
98 0.5721153846153846 0.3176895306859206 0.052884615384615384 0.1164259927797834
98 0.3605769230769231 0.30685920577617326 0.0625 0.1299638989169675
9 0.5360576923076923 0.1552346570397112 0.043870192307692304 0.10740072202166065
18 0.5576923076923077 0.09386281588447654 0.048677884615384616 0.10018050541516245
17 0.5024038461538461 0.09386281588447654 0.043870192307692304 0.08754512635379061
37 0.4495192307692308 0.09025270758122744 0.043870192307692304 0.07942238267148015
77 0.46634615384615385 0.1444043321299639 0.0390625 0.09386281588447654
9 0.39663461538461536 0.09025270758122744 0.04807692307692308 0.09476534296028881