56 0.5240384615384616 0.30472103004291845 0.048677884615384616 0.11266094420600858
101 0.5865384615384616 0.3133047210300429 0.05829326923076923 0.11158798283261803
49 0.5504807692307693 0.13733905579399142 0.043870192307692304 0.10300429184549356
31 0.6081730769230769 0.13733905579399142 0.04326923076923077 0.10300429184549356
85 0.6586538461538461 0.12446351931330472 0.047475961538461536 0.14699570815450644
50 0.5192307692307693 0.06437768240343347 0.03786057692307692 0.09334763948497854
21 0.5697115384615384 0.07296137339055794 0.03365384615384615 0.0944206008583691
9 0.6201923076923077 0.07296137339055794 0.029447115384615384 0.09549356223175966
20 0.47596153846153844 0.06866952789699571 0.0390625 0.10300429184549356
46 0.3389423076923077 0.06866952789699571 0.038461538461538464 0.10193133047210301
45 0.6682692307692307 0.055793991416309016 0.04326923076923077 0.08583690987124463