87 0.31009615384615385 0.14163090128755365 0.05228365384615385 0.14699570815450644
15 0.3701923076923077 0.12017167381974249 0.04807692307692308 0.12124463519313304
20 0.33413461538461536 0.1759656652360515 0.04807692307692308 0.11266094420600858
82 0.6514423076923077 0.12446351931330472 0.04807692307692308 0.1276824034334764
71 0.4254807692307692 0.12875536480686695 0.04807692307692308 0.10193133047210301
101 0.44711538461538464 0.30042918454935624 0.0859375 0.13733905579399142
106 0.5120192307692307 0.27467811158798283 0.052884615384615384 0.13841201716738197
111 0.5697115384615384 0.2875536480686695 0.05348557692307692 0.1298283261802575
45 0.6081730769230769 0.06437768240343347 0.038461538461538464 0.07832618025751073
103 0.7019230769230769 0.06437768240343347 0.0390625 0.09549356223175966
42 0.6538461538461539 0.03862660944206009 0.04326923076923077 0.05150214592274678