75 0.71875 0.5665236051502146 0.05228365384615385 0.17274678111587982
74 0.19471153846153846 0.6909871244635193 0.08653846153846154 0.14699570815450644
14 0.27163461538461536 0.6909871244635193 0.057692307692307696 0.12875536480686695
103 0.3389423076923077 0.6866952789699571 0.043870192307692304 0.12017167381974249
42 0.40625 0.6909871244635193 0.04807692307692308 0.1276824034334764
42 0.46634615384615385 0.6995708154506438 0.0390625 0.09334763948497854
74 0.4375 0.5579399141630901 0.07692307692307693 0.13733905579399142
109 0.3629807692307692 0.5793991416309013 0.052884615384615384 0.0944206008583691
114 0.28846153846153844 0.5622317596566524 0.052884615384615384 0.15450643776824036
133 0.47115384615384615 0.3605150214592275 0.06670673076923077 0.15450643776824036
69 0.41586538461538464 0.11587982832618025 0.04807692307692308 0.1630901287553648
118 0.47115384615384615 0.09871244635193133 0.048677884615384616 0.11051502145922747
92 0.4423076923076923 0.18025751072961374 0.038461538461538464 0.11909871244635194
90 0.47115384615384615 0.20600858369098712 0.0390625 0.1459227467811159
97 0.5024038461538461 0.15879828326180256 0.043870192307692304 0.07832618025751073
59 0.5288461538461539 0.11158798283261803 0.048677884615384616 0.06866952789699571
78 0.5600961538461539 0.17167381974248927 0.04326923076923077 0.10300429184549356
54 0.5360576923076923 0.20600858369098712 0.04266826923076923 0.13626609442060086
117 0.5072115384615384 0.27467811158798283 0.057692307692307696 0.13626609442060086
73 0.5985576923076923 0.351931330472103 0.057692307692307696 0.13733905579399142
112 0.6610576923076923 0.351931330472103 0.052884615384615384 0.1555793991416309
84 0.3485576923076923 0.3562231759656652 0.05348557692307692 0.1298283261802575
3 0.5288461538461539 0.6866952789699571 0.05709134615384615 0.11158798283261803
56 0.6418269230769231 0.0815450643776824 0.05228365384615385 0.09549356223175966
56 0.6899038461538461 0.07296137339055794 0.04326923076923077 0.0611587982832618