33 0.3629807692307692 0.45126353790613716 0.09134615384615384 0.15072202166064982
51 0.5072115384615384 0.44404332129963897 0.061899038461538464 0.1588447653429603
27 0.6105769230769231 0.3898916967509025 0.0859375 0.1371841155234657
45 0.2403846153846154 0.5270758122743683 0.08713942307692307 0.12906137184115524
18 0.625 0.5379061371841155 0.048677884615384616 0.12364620938628158
57 0.3076923076923077 0.7184115523465704 0.0625 0.1092057761732852
36 0.3870192307692308 0.7003610108303249 0.07151442307692307 0.12274368231046931
31 0.46875 0.7003610108303249 0.0625 0.09386281588447654
6 0.5360576923076923 0.7148014440433214 0.052884615384615384 0.11462093862815885
49 0.6081730769230769 0.7220216606498195 0.06310096153846154 0.1164259927797834
57 0.6826923076923077 0.7184115523465704 0.048677884615384616 0.12184115523465704
28 0.7572115384615384 0.7292418772563177 0.07271634615384616 0.1299638989169675
18 0.23317307692307693 0.7256317689530686 0.06310096153846154 0.13628158844765342
33 0.16346153846153846 0.7220216606498195 0.07692307692307693 0.1164259927797834
31 0.5456730769230769 0.5270758122743683 0.05228365384615385 0.07942238267148015