85 0.2668269230769231 0.2471042471042471 0.04326923076923077 0.09266409266409266
82 0.27403846153846156 0.11969111969111969 0.052884615384615384 0.138996138996139
110 0.3389423076923077 0.14285714285714285 0.04807692307692308 0.1167953667953668
101 0.2980769230769231 0.33204633204633205 0.0673076923076923 0.07722007722007722
10 0.3557692307692308 0.3166023166023166 0.048677884615384616 0.12451737451737452
111 0.4230769230769231 0.26640926640926643 0.0390625 0.1167953667953668
78 0.3798076923076923 0.5019305019305019 0.05709134615384615 0.13803088803088803
59 0.41586538461538464 0.5907335907335908 0.04326923076923077 0.10038610038610038
36 0.4543269230769231 0.5019305019305019 0.04326923076923077 0.08494208494208494
118 0.4951923076923077 0.5637065637065637 0.048677884615384616 0.13127413127413126
9 0.5793269230769231 0.5752895752895753 0.061899038461538464 0.138996138996139
92 0.53125 0.5096525096525096 0.043870192307692304 0.13127413127413126
117 0.45913461538461536 0.3590733590733591 0.061899038461538464 0.13223938223938225
32 0.49278846153846156 0.29343629343629346 0.052884615384615384 0.10810810810810811
45 0.46153846153846156 0.23938223938223938 0.047475961538461536 0.07818532818532818
56 0.31490384615384615 0.6988416988416989 0.0907451923076923 0.138996138996139
57 0.46153846153846156 0.694980694980695 0.04807692307692308 0.09266409266409266
9 0.5360576923076923 0.6872586872586872 0.04266826923076923 0.13127413127413126
36 0.5985576923076923 0.6988416988416989 0.07211538461538461 0.10810810810810811
29 0.49278846153846156 0.42857142857142855 0.05228365384615385 0.11583011583011583
21 0.33653846153846156 0.08108108108108109 0.029447115384615384 0.05405405405405406
33 0.39663461538461536 0.08494208494208494 0.05228365384615385 0.10714285714285714
33 0.4951923076923077 0.08494208494208494 0.048677884615384616 0.10810810810810811
20 0.44471153846153844 0.08494208494208494 0.043870192307692304 0.10714285714285714
32 0.5480769230769231 0.08108108108108109 0.047475961538461536 0.09266409266409266
27 0.6033653846153846 0.08494208494208494 0.04807692307692308 0.08494208494208494
27 0.6538461538461539 0.08108108108108109 0.04326923076923077 0.0859073359073359
1 0.6995192307692307 0.07335907335907337 0.033052884615384616 0.10038610038610038