98 0.37740384615384615 0.3090128755364807 0.052884615384615384 0.12875536480686695
112 0.43509615384615385 0.26609442060085836 0.052884615384615384 0.17274678111587982
98 0.5600961538461539 0.30472103004291845 0.04807692307692308 0.1276824034334764
76 0.4951923076923077 0.17167381974248927 0.038461538461538464 0.13733905579399142
9 0.5264423076923077 0.15021459227467812 0.038461538461538464 0.11051502145922747
77 0.46875 0.14163090128755365 0.04326923076923077 0.11051502145922747
9 0.40384615384615385 0.08583690987124463 0.0390625 0.10407725321888411
17 0.5 0.08583690987124463 0.028846153846153848 0.06866952789699571
18 0.5456730769230769 0.09871244635193133 0.024639423076923076 0.08583690987124463
77 0.5961538461538461 0.08583690987124463 0.028846153846153848 0.08690987124463519
76 0.6370192307692307 0.07725321888412018 0.04326923076923077 0.13626609442060086
37 0.4519230769230769 0.0815450643776824 0.03786057692307692 0.09334763948497854
112 0.6850961538461539 0.06437768240343347 0.04266826923076923 0.1276824034334764