101 0.5096153846153846 0.32051282051282054 0.06670673076923077 0.1282051282051282
45 0.5745192307692307 0.32051282051282054 0.043870192307692304 0.10256410256410256
21 0.6490384615384616 0.14102564102564102 0.038461538461538464 0.11965811965811966
21 0.6826923076923077 0.08547008547008547 0.04326923076923077 0.10256410256410256
40 0.5865384615384616 0.10256410256410256 0.047475961538461536 0.08547008547008547
37 0.4014423076923077 0.09829059829059829 0.04266826923076923 0.09508547008547008
23 0.49278846153846156 0.09829059829059829 0.038461538461538464 0.09508547008547008
23 0.5360576923076923 0.09401709401709402 0.04266826923076923 0.09401709401709402
50 0.6322115384615384 0.07692307692307693 0.04266826923076923 0.10363247863247864
24 0.6225961538461539 0.21794871794871795 0.04266826923076923 0.11004273504273504
50 0.5961538461538461 0.2564102564102564 0.04326923076923077 0.11858974358974358