1 0.4495192307692308 0.703862660944206 0.04326923076923077 0.11909871244635194
48 0.3870192307692308 0.7296137339055794 0.04807692307692308 0.08583690987124463
16 0.31971153846153844 0.7081545064377682 0.04807692307692308 0.1276824034334764
32 0.25 0.6952789699570815 0.05709134615384615 0.13733905579399142
21 0.3389423076923077 0.5793991416309013 0.05228365384615385 0.13733905579399142
30 0.4543269230769231 0.5107296137339056 0.061899038461538464 0.11158798283261803
59 0.5144230769230769 0.703862660944206 0.047475961538461536 0.11158798283261803
59 0.7115384615384616 0.7081545064377682 0.04326923076923077 0.11158798283261803
13 0.5793269230769231 0.7167381974248928 0.04807692307692308 0.09549356223175966
4 0.5721153846153846 0.36909871244635195 0.047475961538461536 0.13841201716738197
48 0.5528846153846154 0.6180257510729614 0.047475961538461536 0.08476394849785408
67 0.7644230769230769 0.592274678111588 0.04807692307692308 0.12875536480686695