94 0.3317307692307692 0.3574007220216607 0.10516826923076923 0.1796028880866426
92 0.4375 0.44404332129963897 0.07632211538461539 0.13628158844765342
118 0.5432692307692307 0.37545126353790614 0.05829326923076923 0.12906137184115524
106 0.32211538461538464 0.5126353790613718 0.09615384615384616 0.1299638989169675
27 0.7283653846153846 0.4332129963898917 0.07692307692307693 0.14350180505415164
51 0.6778846153846154 0.5812274368231047 0.05829326923076923 0.15162454873646208
49 0.16346153846153846 0.7075812274368231 0.07632211538461539 0.10830324909747292
18 0.23557692307692307 0.7111913357400722 0.0625 0.12364620938628158
18 0.31009615384615385 0.7075812274368231 0.057692307692307696 0.12906137184115524
36 0.3918269230769231 0.6859205776173285 0.0625 0.08664259927797834
57 0.46153846153846156 0.7075812274368231 0.05829326923076923 0.11462093862815885
6 0.5384615384615384 0.7003610108303249 0.04807692307692308 0.10108303249097472
49 0.6129807692307693 0.7075812274368231 0.052884615384615384 0.10830324909747292
28 0.6875 0.7148014440433214 0.06670673076923077 0.10198555956678701
27 0.7596153846153846 0.7003610108303249 0.06790865384615384 0.1299638989169675