78 0.4230769230769231 0.5945945945945946 0.048677884615384616 0.13996138996138996
118 0.5024038461538461 0.5752895752895753 0.043870192307692304 0.138996138996139
69 0.5841346153846154 0.5752895752895753 0.05228365384615385 0.16216216216216217
92 0.5384615384615384 0.5096525096525096 0.04326923076923077 0.12451737451737452
97 0.4567307692307692 0.4980694980694981 0.052884615384615384 0.09942084942084942
54 0.4230769230769231 0.416988416988417 0.047475961538461536 0.15347490347490347
90 0.5048076923076923 0.42084942084942084 0.057692307692307696 0.14575289575289574
117 0.46153846153846156 0.3436293436293436 0.04326923076923077 0.1167953667953668
72 0.43028846153846156 0.2972972972972973 0.04807692307692308 0.10810810810810811
73 0.5048076923076923 0.2972972972972973 0.04807692307692308 0.1167953667953668
112 0.5721153846153846 0.2972972972972973 0.04807692307692308 0.14671814671814673
84 0.6346153846153846 0.3088803088803089 0.04807692307692308 0.138996138996139
74 0.5360576923076923 0.22393822393822393 0.05348557692307692 0.13803088803088803
75 0.53125 0.11196911196911197 0.057692307692307696 0.1303088803088803
109 0.59375 0.14671814671814673 0.05228365384615385 0.10038610038610038
3 0.2956730769230769 0.0694980694980695 0.04807692307692308 0.09362934362934362
54 0.34615384615384615 0.08494208494208494 0.0390625 0.09266409266409266
12 0.39903846153846156 0.0888030888030888 0.052884615384615384 0.10810810810810811
12 0.4567307692307692 0.0888030888030888 0.05829326923076923 0.10038610038610038
14 0.65625 0.0694980694980695 0.04326923076923077 0.09266409266409266
14 0.7115384615384616 0.07335907335907337 0.038461538461538464 0.09942084942084942
53 0.6586538461538461 0.13127413127413126 0.04326923076923077 0.11583011583011583
9 0.18509615384615385 0.6911196911196911 0.05348557692307692 0.13127413127413126