5 0.6610576923076923 0.1407942238267148 0.04266826923076923 0.13628158844765342
103 0.24519230769230768 0.5848375451263538 0.04807692307692308 0.12906137184115524
40 0.38221153846153844 0.7256317689530686 0.09194711538461539 0.1092057761732852
42 0.6081730769230769 0.7148014440433214 0.04326923076923077 0.07310469314079422
86 0.6634615384615384 0.5884476534296029 0.052884615384615384 0.10108303249097472
71 0.5793269230769231 0.592057761732852 0.04807692307692308 0.08754512635379061
87 0.7427884615384616 0.5956678700361011 0.0907451923076923 0.12274368231046931
40 0.5408653846153846 0.3935018050541516 0.08653846153846154 0.08664259927797834
45 0.4543269230769231 0.3862815884476534 0.05348557692307692 0.1651624548736462
111 0.3870192307692308 0.37545126353790614 0.052884615384615384 0.1444043321299639
84 0.35096153846153844 0.3104693140794224 0.05709134615384615 0.12906137184115524
101 0.2860576923076923 0.3212996389891697 0.08173076923076923 0.12274368231046931
92 0.5360576923076923 0.259927797833935 0.0625 0.12906137184115524
73 0.6394230769230769 0.3104693140794224 0.057692307692307696 0.14350180505415164
53 0.53125 0.1371841155234657 0.04807692307692308 0.10830324909747292
45 0.6081730769230769 0.09386281588447654 0.04266826923076923 0.07220216606498195
45 0.6634615384615384 0.061371841155234655 0.02403846153846154 0.02075812274368231
53 0.7115384615384616 0.09747292418772563 0.02403846153846154 0.07851985559566788
26 0.6730769230769231 0.7075812274368231 0.057692307692307696 0.14530685920577618
33 0.75 0.7220216606498195 0.09555288461538461 0.1444043321299639
51 0.27884615384615385 0.08664259927797834 0.03786057692307692 0.10198555956678701