179 0.4375 0.44635193133047213 0.0390625 0.10193133047210301
8 0.5024038461538461 0.4592274678111588 0.038461538461538464 0.09334763948497854
48 0.47115384615384615 0.5407725321888412 0.0390625 0.06866952789699571
17 0.40384615384615385 0.5150214592274678 0.038461538461538464 0.0944206008583691
98 0.40625 0.351931330472103 0.04266826923076923 0.17167381974248927
16 0.37740384615384615 0.3133047210300429 0.038461538461538464 0.09549356223175966
16 0.44471153846153844 0.3133047210300429 0.038461538461538464 0.11051502145922747
77 0.5024038461538461 0.3090128755364807 0.043870192307692304 0.11158798283261803
37 0.5625 0.3090128755364807 0.038461538461538464 0.13626609442060086
8 0.21875 0.721030042918455 0.0625 0.10193133047210301
17 0.27884615384615385 0.6952789699570815 0.0390625 0.11909871244635194
73 0.46875 0.37339055793991416 0.05228365384615385 0.09549356223175966