31 0.5432692307692307 0.5342960288808665 0.09134615384615384 0.10108303249097472
33 0.35096153846153844 0.4620938628158845 0.10576923076923077 0.14350180505415164
51 0.5 0.45126353790613716 0.05709134615384615 0.15072202166064982
27 0.6081730769230769 0.3935018050541516 0.07151442307692307 0.11552346570397112
45 0.22596153846153846 0.5415162454873647 0.0859375 0.11552346570397112
33 0.15144230769230768 0.740072202166065 0.0907451923076923 0.12364620938628158
18 0.22115384615384615 0.740072202166065 0.06670673076923077 0.12364620938628158
57 0.2956730769230769 0.740072202166065 0.0673076923076923 0.11552346570397112
36 0.38221153846153844 0.7220216606498195 0.07151442307692307 0.09386281588447654
31 0.4543269230769231 0.7364620938628159 0.052884615384615384 0.11462093862815885
6 0.53125 0.7292418772563177 0.043870192307692304 0.10198555956678701
49 0.6105769230769231 0.740072202166065 0.048677884615384616 0.12184115523465704
57 0.6875 0.740072202166065 0.052884615384615384 0.11552346570397112
28 0.7596153846153846 0.7436823104693141 0.06790865384615384 0.11462093862815885
18 0.6225961538461539 0.5487364620938628 0.04326923076923077 0.1299638989169675