111 0.46875 0.6823104693140795 0.08173076923076923 0.1371841155234657
84 0.3245192307692308 0.37184115523465705 0.10036057692307693 0.13628158844765342
85 0.49759615384615385 0.44404332129963897 0.05348557692307692 0.15252707581227437
83 0.6778846153846154 0.37184115523465705 0.0967548076923077 0.15072202166064982
101 0.3076923076923077 0.51985559566787 0.10576923076923077 0.1444043321299639
107 0.5048076923076923 0.5884476534296029 0.05829326923076923 0.10830324909747292
34 0.6153846153846154 0.5306859205776173 0.0673076923076923 0.12184115523465704
17 0.15865384615384615 0.6967509025270758 0.05709134615384615 0.10108303249097472
113 0.22355769230769232 0.703971119133574 0.061899038461538464 0.1371841155234657
17 0.3076923076923077 0.6931407942238267 0.05709134615384615 0.10830324909747292
98 0.38221153846153844 0.6967509025270758 0.061899038461538464 0.1299638989169675
7 0.5336538461538461 0.7003610108303249 0.04807692307692308 0.10108303249097472
7 0.6081730769230769 0.7003610108303249 0.043870192307692304 0.10108303249097472
34 0.6754807692307693 0.7148014440433214 0.07151442307692307 0.13086642599277978
96 0.7668269230769231 0.6859205776173285 0.13040865384615385 0.13086642599277978