5 0.6610576923076923 0.1444043321299639 0.04326923076923077 0.13086642599277978
103 0.2403846153846154 0.592057761732852 0.04807692307692308 0.1299638989169675
40 0.3798076923076923 0.7328519855595668 0.09555288461538461 0.11552346570397112
42 0.6081730769230769 0.7220216606498195 0.04326923076923077 0.07942238267148015
86 0.6634615384615384 0.5956678700361011 0.052884615384615384 0.10108303249097472
71 0.5793269230769231 0.5992779783393501 0.04807692307692308 0.08754512635379061
87 0.7427884615384616 0.6028880866425993 0.0907451923076923 0.12274368231046931
40 0.5408653846153846 0.3971119133574007 0.08653846153846154 0.08664259927797834
45 0.4519230769230769 0.3898916967509025 0.057692307692307696 0.15974729241877256
111 0.3870192307692308 0.37906137184115524 0.05348557692307692 0.15072202166064982
84 0.3485576923076923 0.3140794223826715 0.05348557692307692 0.1299638989169675
101 0.28125 0.3285198555956679 0.08173076923076923 0.12274368231046931
92 0.5336538461538461 0.26353790613718414 0.0625 0.12364620938628158
73 0.6394230769230769 0.3176895306859206 0.057692307692307696 0.1444043321299639
53 0.5288461538461539 0.1407942238267148 0.04807692307692308 0.1092057761732852
45 0.6081730769230769 0.09747292418772563 0.04326923076923077 0.07851985559566788
45 0.6634615384615384 0.06498194945848375 0.02403846153846154 0.015342960288808664
53 0.7139423076923077 0.09747292418772563 0.02403846153846154 0.07851985559566788
26 0.6730769230769231 0.7148014440433214 0.057692307692307696 0.14530685920577618
33 0.7524038461538461 0.7292418772563177 0.09194711538461539 0.14530685920577618
51 0.2764423076923077 0.09025270758122744 0.034254807692307696 0.10740072202166065