84 0.2932692307692308 0.33476394849785407 0.052884615384615384 0.15343347639484978
112 0.21634615384615385 0.6781115879828327 0.0673076923076923 0.15450643776824036
12 0.35096153846153844 0.7167381974248928 0.07211538461538461 0.1276824034334764
14 0.4110576923076923 0.351931330472103 0.061899038461538464 0.13733905579399142
12 0.4879807692307692 0.3605150214592275 0.07692307692307693 0.12017167381974249
54 0.5841346153846154 0.4248927038626609 0.04326923076923077 0.10300429184549356
116 0.44471153846153844 0.5665236051502146 0.04807692307692308 0.13841201716738197
109 0.28125 0.7253218884120172 0.04807692307692308 0.11158798283261803
3 0.3004807692307692 0.5793991416309013 0.061899038461538464 0.09549356223175966
14 0.46634615384615385 0.703862660944206 0.07752403846153846 0.12875536480686695
73 0.4807692307692308 0.49356223175965663 0.047475961538461536 0.14484978540772533