177 0.65625 0.3333333333333333 0.038461538461538464 0.16987179487179488
87 0.6923076923076923 0.452991452991453 0.048677884615384616 0.13675213675213677
106 0.5889423076923077 0.3717948717948718 0.04266826923076923 0.16132478632478633
83 0.6177884615384616 0.31196581196581197 0.038461538461538464 0.1282051282051282
115 0.5288461538461539 0.23076923076923078 0.047475961538461536 0.18696581196581197
87 0.7259615384615384 0.7094017094017094 0.052884615384615384 0.13675213675213677
26 0.65625 0.717948717948718 0.04807692307692308 0.1111111111111111
105 0.27163461538461536 0.36752136752136755 0.0625 0.18803418803418803
117 0.3173076923076923 0.3162393162393162 0.05709134615384615 0.13568376068376067
71 0.2860576923076923 0.594017094017094 0.05348557692307692 0.09294871794871795
63 0.49278846153846156 0.19658119658119658 0.04266826923076923 0.11858974358974358
3 0.6418269230769231 0.5854700854700855 0.04326923076923077 0.11217948717948718
92 0.43509615384615385 0.31196581196581197 0.04807692307692308 0.16132478632478633
76 0.6346153846153846 0.13675213675213677 0.047475961538461536 0.1623931623931624
118 0.5216346153846154 0.10683760683760683 0.04807692307692308 0.06837606837606838
42 0.4519230769230769 0.08974358974358974 0.038461538461538464 0.09401709401709402
54 0.40625 0.09401709401709402 0.034254807692307696 0.08547008547008547
86 0.3557692307692308 0.13675213675213677 0.047475961538461536 0.1452991452991453
103 0.3004807692307692 0.13247863247863248 0.04807692307692308 0.12927350427350429