2 0.5865384615384616 0.09871244635193133 0.04807692307692308 0.11266094420600858
2 0.6466346153846154 0.03862660944206009 0.04326923076923077 0.07618025751072961
142 0.6466346153846154 0.12017167381974249 0.043870192307692304 0.1459227467811159
109 0.3581730769230769 0.13304721030042918 0.04807692307692308 0.09549356223175966
168 0.3004807692307692 0.11158798283261803 0.04326923076923077 0.15343347639484978
161 0.3798076923076923 0.3133047210300429 0.08653846153846154 0.11266094420600858
111 0.6225961538461539 0.2875536480686695 0.05228365384615385 0.13733905579399142
85 0.41586538461538464 0.13733905579399142 0.04807692307692308 0.12017167381974249
24 0.3629807692307692 0.06866952789699571 0.043870192307692304 0.08583690987124463
111 0.6875 0.055793991416309016 0.038461538461538464 0.11158798283261803
106 0.5024038461538461 0.27467811158798283 0.061899038461538464 0.1459227467811159