115 0.32211538461538464 0.2875536480686695 0.0625 0.1888412017167382
84 0.38221153846153844 0.3090128755364807 0.04807692307692308 0.12124463519313304
51 0.4423076923076923 0.296137339055794 0.047475961538461536 0.13733905579399142
12 0.5072115384615384 0.3218884120171674 0.07151442307692307 0.13733905579399142
73 0.6201923076923077 0.3218884120171674 0.0390625 0.12017167381974249
53 0.6346153846153846 0.13733905579399142 0.04326923076923077 0.12124463519313304
3 0.6826923076923077 0.0815450643776824 0.03365384615384615 0.08583690987124463
42 0.5480769230769231 0.09012875536480687 0.038461538461538464 0.07725321888412018
42 0.5 0.09012875536480687 0.038461538461538464 0.07725321888412018
3 0.4182692307692308 0.14163090128755365 0.038461538461538464 0.11266094420600858
12 0.4110576923076923 0.0944206008583691 0.0811298076923077 0.08476394849785408
15 0.3076923076923077 0.13733905579399142 0.047475961538461536 0.10407725321888411