94 0.5264423076923077 0.5703971119133574 0.10997596153846154 0.17328519855595667
112 0.6033653846153846 0.3971119133574007 0.0673076923076923 0.20938628158844766
88 0.7740384615384616 0.6787003610108303 0.0967548076923077 0.17328519855595667
89 0.47836538461538464 0.3574007220216607 0.0907451923076923 0.15072202166064982
31 0.6322115384615384 0.7003610108303249 0.05348557692307692 0.1164259927797834
110 0.3173076923076923 0.6967509025270758 0.0673076923076923 0.13628158844765342
97 0.16826923076923078 0.6678700361010831 0.09134615384615384 0.10108303249097472
118 0.31490384615384615 0.5054151624548736 0.07151442307692307 0.13086642599277978
66 0.43028846153846156 0.5631768953068592 0.061899038461538464 0.15162454873646208
78 0.40384615384615385 0.36462093862815886 0.052884615384615384 0.15072202166064982
106 0.5576923076923077 0.3574007220216607 0.052884615384615384 0.12184115523465704