33 0.3557692307692308 0.45126353790613716 0.0859375 0.15162454873646208
51 0.5 0.44404332129963897 0.0625 0.15162454873646208
27 0.6009615384615384 0.37906137184115524 0.07692307692307693 0.12274368231046931
31 0.4639423076923077 0.7220216606498195 0.0625 0.1164259927797834
36 0.3870192307692308 0.7075812274368231 0.07211538461538461 0.10198555956678701
18 0.6201923076923077 0.5379061371841155 0.04326923076923077 0.12364620938628158
31 0.5432692307692307 0.5054151624548736 0.05709134615384615 0.12906137184115524
45 0.23076923076923078 0.5306859205776173 0.0859375 0.1092057761732852
33 0.15865384615384615 0.7220216606498195 0.08173076923076923 0.1299638989169675
18 0.22596153846153846 0.7256317689530686 0.05829326923076923 0.12274368231046931
57 0.2980769230769231 0.7220216606498195 0.06670673076923077 0.10830324909747292
6 0.5288461538461539 0.7148014440433214 0.04807692307692308 0.10830324909747292
49 0.6057692307692307 0.7220216606498195 0.048677884615384616 0.11462093862815885
57 0.6802884615384616 0.7220216606498195 0.05348557692307692 0.10830324909747292
28 0.7524038461538461 0.7292418772563177 0.0673076923076923 0.11462093862815885