2 0.4014423076923077 0.7124463519313304 0.05228365384615385 0.20493562231759657
103 0.7163461538461539 0.592274678111588 0.04326923076923077 0.15343347639484978
83 0.27403846153846156 0.38626609442060084 0.0673076923076923 0.13733905579399142
174 0.32211538461538464 0.1888412017167382 0.04807692307692308 0.15343347639484978
109 0.2932692307692308 0.1759656652360515 0.029447115384615384 0.07618025751072961
118 0.28125 0.5965665236051502 0.052884615384615384 0.14484978540772533
76 0.3485576923076923 0.5965665236051502 0.043870192307692304 0.16416309012875535
29 0.1971153846153846 0.7124463519313304 0.07211538461538461 0.11158798283261803
58 0.27163461538461536 0.7124463519313304 0.043870192307692304 0.1459227467811159
45 0.3269230769230769 0.7381974248927039 0.04807692307692308 0.12017167381974249
49 0.46634615384615385 0.7339055793991416 0.04807692307692308 0.10300429184549356
86 0.4254807692307692 0.5879828326180258 0.043870192307692304 0.13733905579399142
115 0.3605769230769231 0.4206008583690987 0.04807692307692308 0.18025751072961374
117 0.3245192307692308 0.3648068669527897 0.05348557692307692 0.11266094420600858
92 0.39903846153846156 0.38197424892703863 0.0390625 0.14699570815450644
125 0.4326923076923077 0.3090128755364807 0.05709134615384615 0.17274678111587982
90 0.36778846153846156 0.2832618025751073 0.04326923076923077 0.08690987124463519
92 0.5649038461538461 0.33047210300429186 0.052884615384615384 0.12875536480686695
67 0.5552884615384616 0.20600858369098712 0.043870192307692304 0.11909871244635194
110 0.47115384615384615 0.15021459227467812 0.047475961538461536 0.14699570815450644
114 0.6394230769230769 0.13733905579399142 0.0390625 0.13841201716738197
32 0.6899038461538461 0.08583690987124463 0.04326923076923077 0.12017167381974249
109 0.3629807692307692 0.1072961373390558 0.034254807692307696 0.0611587982832618
59 0.4014423076923077 0.09871244635193133 0.028846153846153848 0.07832618025751073
54 0.6586538461538461 0.7339055793991416 0.03786057692307692 0.10300429184549356
3 0.7331730769230769 0.7167381974248928 0.06310096153846154 0.11051502145922747
26 0.59375 0.11587982832618025 0.04266826923076923 0.07832618025751073
25 0.5480769230769231 0.09871244635193133 0.028245192307692308 0.09334763948497854
56 0.5048076923076923 0.09871244635193133 0.028245192307692308 0.09549356223175966
30 0.44471153846153844 0.1072961373390558 0.038461538461538464 0.07725321888412018
48 0.3173076923076923 0.09012875536480687 0.019831730769230768 0.04184549356223176