50 0.6850961538461539 0.6823104693140795 0.0625 0.12184115523465704
40 0.2403846153846154 0.703971119133574 0.09615384615384616 0.16606498194945848
22 0.3870192307692308 0.516245487364621 0.08173076923076923 0.1299638989169675
52 0.49038461538461536 0.45126353790613716 0.07632211538461539 0.1092057761732852
34 0.6201923076923077 0.5270758122743683 0.06790865384615384 0.12274368231046931
23 0.15625 0.6967509025270758 0.06310096153846154 0.12274368231046931
17 0.31009615384615385 0.6859205776173285 0.057692307692307696 0.11552346570397112
19 0.3894230769230769 0.6895306859205776 0.05709134615384615 0.12274368231046931
46 0.45913461538461536 0.6967509025270758 0.057692307692307696 0.10108303249097472
24 0.5 0.5884476534296029 0.05709134615384615 0.1299638989169675
7 0.5360576923076923 0.6967509025270758 0.04807692307692308 0.10740072202166065
35 0.6153846153846154 0.6931407942238267 0.0967548076923077 0.10830324909747292
37 0.7620192307692307 0.6931407942238267 0.052884615384615384 0.12906137184115524