118 0.53125 0.37906137184115524 0.05348557692307692 0.13628158844765342
94 0.31490384615384615 0.37184115523465705 0.08233173076923077 0.16606498194945848
106 0.3076923076923077 0.51985559566787 0.09134615384615384 0.1444043321299639
92 0.4254807692307692 0.44765342960288806 0.0811298076923077 0.1444043321299639
27 0.71875 0.4404332129963899 0.07271634615384616 0.12274368231046931
51 0.6658653846153846 0.5884476534296029 0.0625 0.15072202166064982
49 0.15144230769230768 0.7111913357400722 0.07151442307692307 0.10830324909747292
18 0.22115384615384615 0.7111913357400722 0.05709134615384615 0.12364620938628158
18 0.2980769230769231 0.7148014440433214 0.05709134615384615 0.1299638989169675
36 0.3798076923076923 0.6931407942238267 0.06670673076923077 0.08574007220216606
57 0.44711538461538464 0.7111913357400722 0.057692307692307696 0.1092057761732852
6 0.5240384615384616 0.7075812274368231 0.048677884615384616 0.10198555956678701
49 0.5985576923076923 0.7148014440433214 0.05228365384615385 0.10198555956678701
28 0.6754807692307693 0.7220216606498195 0.06310096153846154 0.11552346570397112
27 0.7451923076923077 0.6931407942238267 0.07692307692307693 0.14530685920577618