92 0.4423076923076923 0.2948717948717949 0.04807692307692308 0.16132478632478633
117 0.3245192307692308 0.3162393162393162 0.057692307692307696 0.1452991452991453
115 0.5913461538461539 0.21794871794871795 0.0390625 0.18055555555555555
63 0.5048076923076923 0.18803418803418803 0.052884615384615384 0.1111111111111111
83 0.6274038461538461 0.29914529914529914 0.043870192307692304 0.1282051282051282
76 0.6442307692307693 0.11965811965811966 0.0390625 0.1452991452991453
86 0.3629807692307692 0.12393162393162394 0.043870192307692304 0.13675213675213677
103 0.3076923076923077 0.1282051282051282 0.047475961538461536 0.13782051282051283
54 0.4110576923076923 0.07692307692307693 0.04326923076923077 0.08547008547008547
42 0.45913461538461536 0.08547008547008547 0.038461538461538464 0.09401709401709402
118 0.5865384615384616 0.11538461538461539 0.04326923076923077 0.11004273504273504