116 0.3293269230769231 0.19313304721030042 0.04326923076923077 0.1459227467811159
92 0.5625 0.3133047210300429 0.04807692307692308 0.12017167381974249
67 0.6346153846153846 0.1459227467811159 0.0390625 0.11158798283261803
4 0.43990384615384615 0.30472103004291845 0.04326923076923077 0.13733905579399142
29 0.3798076923076923 0.30472103004291845 0.0390625 0.11158798283261803
13 0.22596153846153846 0.6952789699570815 0.0673076923076923 0.10193133047210301
13 0.28846153846153844 0.6909871244635193 0.0625 0.11051502145922747
77 0.2860576923076923 0.5793991416309013 0.043870192307692304 0.12017167381974249
98 0.2980769230769231 0.4206008583690987 0.047475961538461536 0.18025751072961374
73 0.34615384615384615 0.37339055793991416 0.048677884615384616 0.09334763948497854
179 0.3605769230769231 0.44206008583690987 0.05709134615384615 0.12017167381974249
68 0.40384615384615385 0.38626609442060084 0.04326923076923077 0.12017167381974249
49 0.5264423076923077 0.15879828326180256 0.04266826923076923 0.0944206008583691
4 0.3293269230769231 0.08583690987124463 0.034254807692307696 0.06759656652360516
109 0.30288461538461536 0.17167381974248927 0.029447115384615384 0.06866952789699571
29 0.39903846153846156 0.6695278969957081 0.07632211538461539 0.12875536480686695