54 0.6610576923076923 0.13513513513513514 0.052884615384615384 0.16312741312741313
88 0.59375 0.15057915057915058 0.07151442307692307 0.11583011583011583
69 0.5889423076923077 0.5868725868725869 0.052884615384615384 0.16216216216216217
118 0.5096153846153846 0.5907335907335908 0.057692307692307696 0.13223938223938225
78 0.39663461538461536 0.5328185328185329 0.05348557692307692 0.14671814671814673
97 0.4639423076923077 0.5135135135135135 0.05348557692307692 0.11486486486486487
54 0.4326923076923077 0.4247104247104247 0.0390625 0.13803088803088803
90 0.5072115384615384 0.44015444015444016 0.07151442307692307 0.138996138996139
117 0.46875 0.3590733590733591 0.057692307692307696 0.1303088803088803
140 0.5120192307692307 0.305019305019305 0.05228365384615385 0.13223938223938225
39 0.4375 0.29343629343629346 0.04807692307692308 0.10714285714285714
16 0.3581730769230769 0.16216216216216217 0.043870192307692304 0.10714285714285714
65 0.2932692307692308 0.1274131274131274 0.048677884615384616 0.15444015444015444
44 0.30288461538461536 0.06563706563706563 0.05709134615384615 0.0859073359073359
43 0.35096153846153844 0.05791505791505792 0.029447115384615384 0.09266409266409266
12 0.41586538461538464 0.10038610038610038 0.08173076923076923 0.11583011583011583