84 0.28365384615384615 0.34763948497854075 0.048677884615384616 0.1459227467811159
112 0.20673076923076922 0.6781115879828327 0.06670673076923077 0.15343347639484978
12 0.3389423076923077 0.721030042918455 0.07151442307692307 0.12017167381974249
14 0.39663461538461536 0.3605150214592275 0.061899038461538464 0.13626609442060086
12 0.4735576923076923 0.36909871244635195 0.07271634615384616 0.11909871244635194
54 0.5649038461538461 0.4334763948497854 0.04266826923076923 0.10300429184549356
116 0.43028846153846156 0.5708154506437768 0.043870192307692304 0.13733905579399142
109 0.27163461538461536 0.7253218884120172 0.04807692307692308 0.11051502145922747
3 0.29086538461538464 0.5836909871244635 0.057692307692307696 0.10193133047210301
14 0.4519230769230769 0.703862660944206 0.07692307692307693 0.12124463519313304
73 0.4639423076923077 0.5021459227467812 0.04326923076923077 0.13733905579399142