2 0.4014423076923077 0.6752136752136753 0.04807692307692308 0.19658119658119658
103 0.7091346153846154 0.5598290598290598 0.04266826923076923 0.14636752136752137
83 0.2764423076923077 0.358974358974359 0.06310096153846154 0.13568376068376067
174 0.32211538461538464 0.16666666666666666 0.047475961538461536 0.1452991452991453
109 0.2956730769230769 0.15384615384615385 0.033052884615384616 0.06944444444444445
118 0.28365384615384615 0.5641025641025641 0.052884615384615384 0.13675213675213677
76 0.3485576923076923 0.5641025641025641 0.04326923076923077 0.1623931623931624
29 0.20192307692307693 0.6752136752136753 0.07211538461538461 0.1111111111111111
58 0.27163461538461536 0.6794871794871795 0.043870192307692304 0.14423076923076922
45 0.3269230769230769 0.7008547008547008 0.04807692307692308 0.11965811965811966
49 0.4639423076923077 0.7008547008547008 0.04807692307692308 0.10256410256410256
86 0.4230769230769231 0.5555555555555556 0.04326923076923077 0.13568376068376067
115 0.3605769230769231 0.39316239316239315 0.04807692307692308 0.172008547008547
117 0.3245192307692308 0.33760683760683763 0.052884615384615384 0.11217948717948718
92 0.39663461538461536 0.3547008547008547 0.04266826923076923 0.14636752136752137
125 0.43028846153846156 0.2863247863247863 0.052884615384615384 0.17094017094017094
90 0.36778846153846156 0.2564102564102564 0.04266826923076923 0.08653846153846154
92 0.5600961538461539 0.3034188034188034 0.052884615384615384 0.1282051282051282
67 0.5504807692307693 0.18376068376068377 0.043870192307692304 0.11217948717948718
110 0.46875 0.13247863247863248 0.04326923076923077 0.1452991452991453
114 0.6322115384615384 0.11538461538461539 0.04266826923076923 0.13675213675213677
32 0.6826923076923077 0.06837606837606838 0.04326923076923077 0.11965811965811966
109 0.3629807692307692 0.08974358974358974 0.03365384615384615 0.060897435897435896
59 0.4014423076923077 0.0811965811965812 0.024639423076923076 0.07799145299145299
54 0.6514423076923077 0.6965811965811965 0.034254807692307696 0.10256410256410256
3 0.7235576923076923 0.6794871794871795 0.0625 0.10256410256410256
26 0.5889423076923077 0.09401709401709402 0.038461538461538464 0.08440170940170941
25 0.5432692307692307 0.07692307692307693 0.028245192307692308 0.08653846153846154
56 0.5024038461538461 0.0811965811965812 0.024639423076923076 0.09401709401709402
30 0.4423076923076923 0.08547008547008547 0.038461538461538464 0.07692307692307693
48 0.3173076923076923 0.07264957264957266 0.019831730769230768 0.03418803418803419