106 0.4879807692307692 0.2924187725631769 0.061899038461538464 0.1444043321299639
15 0.5865384615384616 0.13357400722021662 0.04807692307692308 0.11552346570397112
141 0.4182692307692308 0.1624548736462094 0.052884615384615384 0.194043321299639
165 0.25 0.12274368231046931 0.047475961538461536 0.08574007220216606
102 0.27884615384615385 0.13357400722021662 0.057692307692307696 0.1588447653429603
102 0.7091346153846154 0.05054151624548736 0.07211538461538461 0.10018050541516245
41 0.6057692307692307 0.05776173285198556 0.05709134615384615 0.07310469314079422
111 0.6201923076923077 0.18050541516245489 0.048677884615384616 0.12274368231046931
82 0.65625 0.1299638989169675 0.04807692307692308 0.10198555956678701
54 0.5625 0.3140794223826715 0.04807692307692308 0.10830324909747292
50 0.3245192307692308 0.07220216606498195 0.04326923076923077 0.10198555956678701
45 0.5456730769230769 0.07942238267148015 0.043870192307692304 0.08754512635379061
42 0.42788461538461536 0.05054151624548736 0.029447115384615384 0.029783393501805054