103 0.2764423076923077 0.1407942238267148 0.04807692307692308 0.10830324909747292
70 0.2860576923076923 0.07581227436823104 0.05228365384615385 0.11552346570397112
10 0.34134615384615385 0.08664259927797834 0.048677884615384616 0.10108303249097472
109 0.34375 0.1588447653429603 0.04807692307692308 0.07942238267148015
74 0.7163461538461539 0.30324909747292417 0.048677884615384616 0.1444043321299639
100 0.5769230769230769 0.30324909747292417 0.0625 0.1723826714801444
70 0.5072115384615384 0.30324909747292417 0.07151442307692307 0.157942238267148
63 0.6009615384615384 0.1263537906137184 0.052884615384615384 0.12364620938628158
114 0.6658653846153846 0.13357400722021662 0.04807692307692308 0.12364620938628158
92 0.6466346153846154 0.3104693140794224 0.04807692307692308 0.1164259927797834
74 0.3942307692307692 0.09025270758122744 0.05709134615384615 0.09296028880866426