105 0.3076923076923077 0.2905982905982906 0.057692307692307696 0.16987179487179488
87 0.30528846153846156 0.10683760683760683 0.05228365384615385 0.07799145299145299
26 0.35096153846153844 0.1111111111111111 0.03365384615384615 0.05235042735042735
26 0.39903846153846156 0.1111111111111111 0.04326923076923077 0.05982905982905983
177 0.39903846153846156 0.21367521367521367 0.047475961538461536 0.17094017094017094
76 0.27163461538461536 0.5769230769230769 0.05348557692307692 0.17094017094017094
3 0.35336538461538464 0.5854700854700855 0.061899038461538464 0.11004273504273504
118 0.4182692307692308 0.5726495726495726 0.047475961538461536 0.13675213675213677
115 0.4182692307692308 0.4017094017094017 0.0390625 0.1794871794871795
63 0.4567307692307692 0.5 0.05709134615384615 0.11004273504273504
92 0.5192307692307693 0.3717948717948718 0.047475961538461536 0.16346153846153846
117 0.6418269230769231 0.3803418803418803 0.07692307692307693 0.16132478632478633
3 0.6298076923076923 0.13247863247863248 0.047475961538461536 0.11965811965811966
106 0.4375 0.2692307692307692 0.0625 0.10256410256410256
54 0.7067307692307693 0.6965811965811965 0.03365384615384615 0.09508547008547008
54 0.6442307692307693 0.7008547008547008 0.03365384615384615 0.09401709401709402
83 0.5240384615384616 0.688034188034188 0.08173076923076923 0.1282051282051282
42 0.5889423076923077 0.7094017094017094 0.05228365384615385 0.10363247863247864
103 0.7067307692307693 0.5726495726495726 0.06670673076923077 0.15384615384615385
86 0.6346153846153846 0.5769230769230769 0.04807692307692308 0.15384615384615385
71 0.35096153846153844 0.14957264957264957 0.04326923076923077 0.09294871794871795