69 0.6394230769230769 0.11587982832618025 0.047475961538461536 0.12017167381974249
72 0.5048076923076923 0.20600858369098712 0.11598557692307693 0.1459227467811159
23 0.4951923076923077 0.3090128755364807 0.05709134615384615 0.13733905579399142
25 0.31971153846153844 0.09012875536480687 0.038461538461538464 0.11051502145922747
23 0.3629807692307692 0.08583690987124463 0.04266826923076923 0.10193133047210301
12 0.4110576923076923 0.0944206008583691 0.04807692307692308 0.07725321888412018
33 0.4567307692307692 0.09012875536480687 0.04326923076923077 0.0944206008583691
33 0.5024038461538461 0.0815450643776824 0.038461538461538464 0.07832618025751073
86 0.5264423076923077 0.12446351931330472 0.038461538461538464 0.11266094420600858
73 0.6105769230769231 0.2145922746781116 0.038461538461538464 0.10407725321888411
94 0.5841346153846154 0.12875536480686695 0.043870192307692304 0.13626609442060086
51 0.6850961538461539 0.0815450643776824 0.04266826923076923 0.09549356223175966