112 0.4206730769230769 0.2779783393501805 0.061899038461538464 0.18140794223826714
77 0.3269230769230769 0.07581227436823104 0.052884615384615384 0.12184115523465704
16 0.6081730769230769 0.07942238267148015 0.04326923076923077 0.10830324909747292
76 0.6586538461538461 0.07220216606498195 0.04326923076923077 0.12274368231046931
112 0.71875 0.06498194945848375 0.057692307692307696 0.12906137184115524
76 0.49278846153846156 0.17689530685920576 0.04326923076923077 0.1371841155234657
78 0.49278846153846156 0.3104693140794224 0.05228365384615385 0.16606498194945848
98 0.5649038461538461 0.3140794223826715 0.05348557692307692 0.12274368231046931
98 0.3485576923076923 0.30324909747292417 0.0625 0.1299638989169675
9 0.5288461538461539 0.148014440433213 0.047475961538461536 0.10740072202166065
18 0.5504807692307693 0.08664259927797834 0.05228365384615385 0.10108303249097472
17 0.49278846153846156 0.08664259927797834 0.04807692307692308 0.09386281588447654
37 0.43990384615384615 0.08303249097472924 0.043870192307692304 0.07942238267148015
77 0.45913461538461536 0.1371841155234657 0.04326923076923077 0.09386281588447654
9 0.3870192307692308 0.07942238267148015 0.04807692307692308 0.10108303249097472