125 0.45913461538461536 0.2948717948717949 0.057692307692307696 0.19764957264957264
90 0.3870192307692308 0.2905982905982906 0.05348557692307692 0.1452991452991453
174 0.3389423076923077 0.1623931623931624 0.04326923076923077 0.1452991452991453
109 0.31490384615384615 0.14957264957264957 0.04266826923076923 0.05982905982905983
48 0.3293269230769231 0.07264957264957266 0.038461538461538464 0.03418803418803419
59 0.375 0.06837606837606838 0.047475961538461536 0.10256410256410256
25 0.4206730769230769 0.07264957264957266 0.04326923076923077 0.09508547008547008
110 0.4855769230769231 0.12393162393162394 0.047475961538461536 0.12927350427350429
26 0.6081730769230769 0.08974358974358974 0.043870192307692304 0.08547008547008547
67 0.5673076923076923 0.18803418803418803 0.04326923076923077 0.1111111111111111
92 0.5745192307692307 0.3076923076923077 0.04807692307692308 0.11965811965811966
114 0.6514423076923077 0.11965811965811966 0.038461538461538464 0.13782051282051283
109 0.7019230769230769 0.08547008547008547 0.04326923076923077 0.05982905982905983