2 0.3317307692307692 0.5595667870036101 0.05829326923076923 0.15252707581227437
82 0.2403846153846154 0.5703971119133574 0.048677884615384616 0.14350180505415164
145 0.6682692307692307 0.5812274368231047 0.06670673076923077 0.13808664259927797
110 0.75 0.5884476534296029 0.04807692307692308 0.15252707581227437
101 0.6081730769230769 0.3898916967509025 0.10096153846153846 0.09386281588447654
106 0.45913461538461536 0.36101083032490977 0.04807692307692308 0.15162454873646208
78 0.49759615384615385 0.2924187725631769 0.05348557692307692 0.13808664259927797
98 0.5721153846153846 0.2888086642599278 0.052884615384615384 0.1299638989169675
112 0.4254807692307692 0.27075812274368233 0.05348557692307692 0.18050541516245489
111 0.31009615384615385 0.36101083032490977 0.043870192307692304 0.15974729241877256
98 0.3485576923076923 0.30685920577617326 0.05348557692307692 0.1299638989169675
47 0.3870192307692308 0.259927797833935 0.052884615384615384 0.10830324909747292
76 0.49759615384615385 0.16967509025270758 0.05228365384615385 0.13628158844765342
9 0.59375 0.148014440433213 0.04266826923076923 0.1092057761732852
47 0.2764423076923077 0.10469314079422383 0.0625 0.06588447653429604
77 0.3317307692307692 0.07581227436823104 0.038461538461538464 0.10830324909747292
77 0.39663461538461536 0.1407942238267148 0.04807692307692308 0.10830324909747292
17 0.3798076923076923 0.07942238267148015 0.03365384615384615 0.07310469314079422
17 0.4423076923076923 0.08664259927797834 0.028245192307692308 0.07310469314079422
16 0.49759615384615385 0.07942238267148015 0.034254807692307696 0.07220216606498195
16 0.5528846153846154 0.08664259927797834 0.03365384615384615 0.07942238267148015
76 0.6081730769230769 0.07942238267148015 0.038461538461538464 0.10198555956678701
51 0.6610576923076923 0.07942238267148015 0.04326923076923077 0.10108303249097472
112 0.71875 0.07220216606498195 0.04807692307692308 0.1299638989169675
101 0.15865384615384615 0.7003610108303249 0.10576923076923077 0.16606498194945848
40 0.23076923076923078 0.703971119133574 0.07632211538461539 0.12184115523465704
111 0.30288461538461536 0.6895306859205776 0.07211538461538461 0.1299638989169675
50 0.375 0.6967509025270758 0.05709134615384615 0.10830324909747292
109 0.4567307692307692 0.7184115523465704 0.0625 0.1092057761732852
45 0.5288461538461539 0.7003610108303249 0.057692307692307696 0.08664259927797834
42 0.6009615384615384 0.703971119133574 0.038461538461538464 0.09476534296028881
49 0.6754807692307693 0.7184115523465704 0.043870192307692304 0.10740072202166065
42 0.7524038461538461 0.703971119133574 0.034254807692307696 0.09476534296028881