2 0.5961538461538461 0.12875536480686695 0.047475961538461536 0.11909871244635194
2 0.65625 0.06437768240343347 0.04326923076923077 0.07618025751072961
142 0.65625 0.1459227467811159 0.043870192307692304 0.1459227467811159
109 0.3701923076923077 0.15879828326180256 0.04807692307692308 0.09549356223175966
168 0.3125 0.13733905579399142 0.04326923076923077 0.1459227467811159
161 0.3894230769230769 0.33905579399141633 0.08653846153846154 0.11266094420600858
111 0.6322115384615384 0.3133047210300429 0.05228365384615385 0.13733905579399142
85 0.42788461538461536 0.1630901287553648 0.04807692307692308 0.12017167381974249
24 0.375 0.0944206008583691 0.04326923076923077 0.08583690987124463
111 0.6971153846153846 0.07725321888412018 0.038461538461538464 0.12875536480686695
106 0.5144230769230769 0.30042918454935624 0.05829326923076923 0.1459227467811159