31 0.46634615384615385 0.6895306859205776 0.07752403846153846 0.17328519855595667
33 0.35336538461538464 0.4584837545126354 0.08233173076923077 0.1444043321299639
45 0.23317307692307693 0.5342960288808665 0.0811298076923077 0.11462093862815885
51 0.5048076923076923 0.44765342960288806 0.05709134615384615 0.157942238267148
27 0.6057692307692307 0.38267148014440433 0.07211538461538461 0.12906137184115524
18 0.625 0.5415162454873647 0.047475961538461536 0.12274368231046931
31 0.5480769230769231 0.5270758122743683 0.05829326923076923 0.08664259927797834
33 0.15865384615384615 0.7292418772563177 0.07752403846153846 0.12274368231046931
18 0.2283653846153846 0.7292418772563177 0.057692307692307696 0.12274368231046931
57 0.3004807692307692 0.7292418772563177 0.0673076923076923 0.11552346570397112
36 0.38461538461538464 0.7075812274368231 0.0625 0.08664259927797834
6 0.5336538461538461 0.7184115523465704 0.04807692307692308 0.10830324909747292
49 0.6105769230769231 0.7328519855595668 0.048677884615384616 0.1092057761732852
57 0.6875 0.7292418772563177 0.052884615384615384 0.11462093862815885
28 0.7620192307692307 0.7364620938628159 0.06310096153846154 0.11552346570397112