56 0.5048076923076923 0.3218884120171674 0.04807692307692308 0.11266094420600858
101 0.5649038461538461 0.33047210300429186 0.057692307692307696 0.11051502145922747
49 0.5288461538461539 0.15879828326180256 0.047475961538461536 0.09549356223175966
31 0.5865384615384616 0.15879828326180256 0.0390625 0.09549356223175966
85 0.6370192307692307 0.1459227467811159 0.04326923076923077 0.1459227467811159
50 0.5 0.08583690987124463 0.03786057692307692 0.08583690987124463
21 0.5480769230769231 0.0944206008583691 0.03365384615384615 0.08690987124463519
9 0.5985576923076923 0.0944206008583691 0.033052884615384616 0.0944206008583691
20 0.4567307692307692 0.0944206008583691 0.0390625 0.10193133047210301
46 0.32211538461538464 0.09012875536480687 0.03786057692307692 0.0944206008583691
45 0.6442307692307693 0.07725321888412018 0.04326923076923077 0.08476394849785408