133 0.46634615384615385 0.3905579399141631 0.12980769230769232 0.22317596566523606
135 0.59375 0.4978540772532189 0.10036057692307693 0.15343347639484978
75 0.49038461538461536 0.5836909871244635 0.07692307692307693 0.15450643776824036
103 0.18028846153846154 0.6995708154506438 0.0673076923076923 0.12017167381974249
42 0.25240384615384615 0.7081545064377682 0.05228365384615385 0.10300429184549356
114 0.27884615384615385 0.5793991416309013 0.07211538461538461 0.1630901287553648
73 0.5841346153846154 0.37339055793991416 0.052884615384615384 0.1276824034334764
42 0.31490384615384615 0.7124463519313304 0.043870192307692304 0.0944206008583691
109 0.3557692307692308 0.6223175965665236 0.06670673076923077 0.12875536480686695
84 0.3269230769230769 0.3776824034334764 0.05829326923076923 0.13626609442060086
112 0.6538461538461539 0.36909871244635195 0.04807692307692308 0.15343347639484978