133 0.49038461538461536 0.3948497854077253 0.12980769230769232 0.22317596566523606
135 0.6177884615384616 0.5021459227467812 0.10036057692307693 0.14699570815450644
75 0.5144230769230769 0.5879828326180258 0.07692307692307693 0.15450643776824036
103 0.20432692307692307 0.703862660944206 0.0673076923076923 0.12017167381974249
42 0.2764423076923077 0.7124463519313304 0.05228365384615385 0.10300429184549356
114 0.30288461538461536 0.5836909871244635 0.07211538461538461 0.1630901287553648
73 0.6081730769230769 0.3776824034334764 0.052884615384615384 0.12124463519313304
42 0.34134615384615385 0.7167381974248928 0.047475961538461536 0.0944206008583691
109 0.3798076923076923 0.6266094420600858 0.06670673076923077 0.12875536480686695
84 0.35096153846153844 0.38197424892703863 0.05829326923076923 0.1298283261802575
112 0.6778846153846154 0.37339055793991416 0.04807692307692308 0.14699570815450644