57 0.31009615384615385 0.7220216606498195 0.05348557692307692 0.11462093862815885
6 0.5408653846153846 0.7111913357400722 0.04807692307692308 0.10740072202166065
33 0.15625 0.7220216606498195 0.057692307692307696 0.1164259927797834
27 0.6081730769230769 0.37906137184115524 0.07151442307692307 0.12364620938628158
28 0.7668269230769231 0.7220216606498195 0.04807692307692308 0.10018050541516245
33 0.3605769230769231 0.45126353790613716 0.1063701923076923 0.13808664259927797
51 0.5072115384615384 0.4404332129963899 0.052884615384615384 0.1444043321299639
31 0.5528846153846154 0.5342960288808665 0.052884615384615384 0.11462093862815885
18 0.6274038461538461 0.5379061371841155 0.04807692307692308 0.12364620938628158
45 0.7115384615384616 0.5306859205776173 0.05709134615384615 0.10830324909747292
18 0.23557692307692307 0.7220216606498195 0.05829326923076923 0.12274368231046931
36 0.3918269230769231 0.703971119133574 0.06310096153846154 0.09296028880866426
31 0.47115384615384615 0.7184115523465704 0.06670673076923077 0.10830324909747292
49 0.6153846153846154 0.7220216606498195 0.04807692307692308 0.10830324909747292
57 0.6923076923076923 0.7220216606498195 0.048677884615384616 0.10830324909747292