69 0.6298076923076923 0.12017167381974249 0.04807692307692308 0.12124463519313304
72 0.49038461538461536 0.2145922746781116 0.1201923076923077 0.15343347639484978
23 0.4807692307692308 0.31759656652360513 0.057692307692307696 0.13841201716738197
25 0.3004807692307692 0.09871244635193133 0.04266826923076923 0.11158798283261803
23 0.34375 0.0944206008583691 0.04266826923076923 0.10300429184549356
12 0.3942307692307692 0.10300429184549356 0.04807692307692308 0.07725321888412018
33 0.4423076923076923 0.0944206008583691 0.047475961538461536 0.0944206008583691
33 0.4879807692307692 0.09012875536480687 0.04266826923076923 0.08583690987124463
86 0.5144230769230769 0.12875536480686695 0.0390625 0.12017167381974249
73 0.5985576923076923 0.22317596566523606 0.038461538461538464 0.11158798283261803
94 0.5721153846153846 0.13733905579399142 0.047475961538461536 0.13626609442060086
51 0.6778846153846154 0.09012875536480687 0.0390625 0.10300429184549356