98 0.38461538461538464 0.30042918454935624 0.052884615384615384 0.12875536480686695
112 0.44471153846153844 0.26180257510729615 0.052884615384615384 0.1791845493562232
98 0.5697115384615384 0.30042918454935624 0.04807692307692308 0.12124463519313304
76 0.5048076923076923 0.16738197424892703 0.0390625 0.13733905579399142
9 0.5336538461538461 0.1459227467811159 0.0390625 0.10407725321888411
77 0.47596153846153844 0.13304721030042918 0.04326923076923077 0.11051502145922747
9 0.41346153846153844 0.0815450643776824 0.0390625 0.11051502145922747
17 0.5096153846153846 0.0815450643776824 0.028846153846153848 0.06866952789699571
18 0.5552884615384616 0.0944206008583691 0.024639423076923076 0.08583690987124463
77 0.6033653846153846 0.0815450643776824 0.028846153846153848 0.09334763948497854
76 0.6466346153846154 0.07296137339055794 0.04326923076923077 0.1298283261802575
37 0.45913461538461536 0.07725321888412018 0.034254807692307696 0.08690987124463519
112 0.6947115384615384 0.060085836909871244 0.04326923076923077 0.11909871244635194