145 0.5793269230769231 0.5812274368231047 0.05348557692307692 0.1588447653429603
110 0.7524038461538461 0.5848375451263538 0.04807692307692308 0.1371841155234657
109 0.6634615384615384 0.6137184115523465 0.04807692307692308 0.08664259927797834
111 0.31971153846153844 0.34657039711191334 0.061899038461538464 0.15162454873646208
111 0.30528846153846156 0.6823104693140795 0.05348557692307692 0.12274368231046931
82 0.25 0.5667870036101083 0.0625 0.1371841155234657
3 0.33413461538461536 0.5776173285198556 0.057692307692307696 0.1164259927797834
106 0.4735576923076923 0.36101083032490977 0.07692307692307693 0.15162454873646208
101 0.6105769230769231 0.37906137184115524 0.10576923076923077 0.1371841155234657
50 0.3870192307692308 0.6931407942238267 0.057692307692307696 0.10198555956678701
45 0.5384615384615384 0.703971119133574 0.057692307692307696 0.10108303249097472
45 0.6153846153846154 0.703971119133574 0.05829326923076923 0.10830324909747292
42 0.7644230769230769 0.7003610108303249 0.047475961538461536 0.10830324909747292
101 0.15865384615384615 0.7075812274368231 0.11057692307692307 0.1588447653429603
40 0.24278846153846154 0.7111913357400722 0.061899038461538464 0.1371841155234657