94 0.3173076923076923 0.35018050541516244 0.12439903846153846 0.18050541516245489
92 0.4254807692307692 0.4332129963898917 0.08233173076923077 0.1444043321299639
118 0.53125 0.36823104693140796 0.057692307692307696 0.1299638989169675
27 0.71875 0.4296028880866426 0.0673076923076923 0.13628158844765342
106 0.31009615384615385 0.5054151624548736 0.0907451923076923 0.13086642599277978
51 0.6658653846153846 0.5740072202166066 0.05348557692307692 0.1444043321299639
49 0.14903846153846154 0.703971119133574 0.07632211538461539 0.10108303249097472
18 0.22115384615384615 0.7003610108303249 0.057692307692307696 0.12274368231046931
18 0.2980769230769231 0.703971119133574 0.057692307692307696 0.12364620938628158
36 0.38221153846153844 0.6895306859205776 0.07211538461538461 0.09386281588447654
57 0.4495192307692308 0.703971119133574 0.052884615384615384 0.11552346570397112
6 0.5216346153846154 0.6967509025270758 0.05348557692307692 0.1092057761732852
49 0.6009615384615384 0.703971119133574 0.05709134615384615 0.1092057761732852
28 0.6730769230769231 0.7148014440433214 0.0625 0.11462093862815885
27 0.7427884615384616 0.6931407942238267 0.0811298076923077 0.1371841155234657