120 0.6602409638554216 0.13357400722021662 0.04759036144578313 0.13808664259927797
50 0.1614457831325301 0.7148014440433214 0.05783132530120482 0.12274368231046931
50 0.23132530120481928 0.7184115523465704 0.05783132530120482 0.1299638989169675
40 0.30843373493975906 0.7184115523465704 0.09156626506024096 0.11552346570397112
48 0.38313253012048193 0.7111913357400722 0.05240963855421687 0.12184115523465704
111 0.3132530120481928 0.37545126353790614 0.06686746987951807 0.15162454873646208
22 0.4602409638554217 0.37906137184115524 0.06746987951807229 0.1092057761732852
22 0.4987951807228916 0.3176895306859206 0.06325301204819277 0.1164259927797834
40 0.6096385542168675 0.3971119133574007 0.0825301204819277 0.07220216606498195
46 0.5951807228915663 0.1552346570397112 0.04819277108433735 0.09296028880866426
57 0.5277108433734939 0.1552346570397112 0.04397590361445783 0.09476534296028881
42 0.6626506024096386 0.07581227436823104 0.024096385542168676 0.06407942238267147
46 0.7156626506024096 0.09386281588447654 0.03313253012048193 0.07942238267148015