120 0.33653846153846156 0.6909871244635193 0.048677884615384616 0.13733905579399142
68 0.53125 0.6909871244635193 0.052884615384615384 0.11051502145922747
55 0.7211538461538461 0.6995708154506438 0.0390625 0.11051502145922747
76 0.27163461538461536 0.6866952789699571 0.057692307692307696 0.13841201716738197
91 0.2091346153846154 0.6824034334763949 0.06310096153846154 0.13733905579399142
82 0.3125 0.41630901287553645 0.0625 0.14699570815450644
80 0.6610576923076923 0.33905579399141633 0.04326923076923077 0.16416309012875535
61 0.375 0.4291845493562232 0.047475961538461536 0.12017167381974249
64 0.5336538461538461 0.3605150214592275 0.052884615384615384 0.1630901287553648
73 0.5360576923076923 0.51931330472103 0.07151442307692307 0.1276824034334764
109 0.6947115384615384 0.463519313304721 0.05228365384615385 0.10193133047210301
93 0.45913461538461536 0.6738197424892703 0.0811298076923077 0.1963519313304721
56 0.5913461538461539 0.7081545064377682 0.05829326923076923 0.15450643776824036
56 0.6634615384615384 0.7081545064377682 0.0673076923076923 0.13733905579399142