85 0.27403846153846156 0.25868725868725867 0.04326923076923077 0.09266409266409266
82 0.28365384615384615 0.13513513513513514 0.048677884615384616 0.138996138996139
110 0.34615384615384615 0.1583011583011583 0.04807692307692308 0.11583011583011583
101 0.30528846153846156 0.3474903474903475 0.0673076923076923 0.07722007722007722
10 0.3629807692307692 0.3281853281853282 0.05228365384615385 0.12355212355212356
111 0.42788461538461536 0.28185328185328185 0.0390625 0.1167953667953668
78 0.38461538461538464 0.5135135135135135 0.05709134615384615 0.13223938223938225
59 0.4206730769230769 0.5984555984555985 0.04326923076923077 0.09942084942084942
36 0.46153846153846156 0.5135135135135135 0.04326923076923077 0.08494208494208494
118 0.5024038461538461 0.5752895752895753 0.04807692307692308 0.1303088803088803
9 0.5841346153846154 0.583011583011583 0.061899038461538464 0.13223938223938225
92 0.5360576923076923 0.5212355212355212 0.043870192307692304 0.13127413127413126
117 0.4639423076923077 0.3745173745173745 0.061899038461538464 0.13127413127413126
32 0.49759615384615385 0.305019305019305 0.052884615384615384 0.10810810810810811
45 0.46875 0.2548262548262548 0.043870192307692304 0.07722007722007722
56 0.32211538461538464 0.7104247104247104 0.08713942307692307 0.138996138996139
57 0.46634615384615385 0.7065637065637066 0.04807692307692308 0.09266409266409266
9 0.5408653846153846 0.6988416988416989 0.04266826923076923 0.13127413127413126
36 0.6033653846153846 0.7065637065637066 0.07151442307692307 0.10810810810810811
29 0.5 0.44015444015444016 0.048677884615384616 0.11583011583011583
21 0.34375 0.09652509652509653 0.033052884615384616 0.05405405405405406
33 0.4014423076923077 0.10038610038610038 0.05228365384615385 0.10714285714285714
33 0.5024038461538461 0.10424710424710425 0.05228365384615385 0.10135135135135136
20 0.4519230769230769 0.10038610038610038 0.047475961538461536 0.10714285714285714
32 0.5528846153846154 0.09652509652509653 0.047475961538461536 0.09266409266409266
27 0.6057692307692307 0.10424710424710425 0.04807692307692308 0.08494208494208494
27 0.65625 0.09652509652509653 0.04326923076923077 0.0859073359073359
1 0.7019230769230769 0.0888030888030888 0.029447115384615384 0.09942084942084942