2 0.3485576923076923 0.5415162454873647 0.061899038461538464 0.157942238267148
82 0.2548076923076923 0.5523465703971119 0.048677884615384616 0.13808664259927797
145 0.6875 0.5631768953068592 0.06670673076923077 0.14350180505415164
110 0.7692307692307693 0.5703971119133574 0.04807692307692308 0.1588447653429603
101 0.6274038461538461 0.36823104693140796 0.10096153846153846 0.09386281588447654
106 0.47596153846153844 0.33935018050541516 0.04807692307692308 0.157942238267148
78 0.5144230769230769 0.2743682310469314 0.05709134615384615 0.1444043321299639
98 0.5913461538461539 0.26714801444043323 0.05709134615384615 0.1299638989169675
112 0.44471153846153844 0.2490974729241877 0.05348557692307692 0.18050541516245489
111 0.3269230769230769 0.33935018050541516 0.047475961538461536 0.16606498194945848
98 0.36538461538461536 0.2851985559566787 0.05709134615384615 0.1299638989169675
47 0.40384615384615385 0.23826714801444043 0.052884615384615384 0.10830324909747292
76 0.5144230769230769 0.1444043321299639 0.052884615384615384 0.13086642599277978
9 0.6129807692307693 0.1263537906137184 0.04266826923076923 0.1092057761732852
47 0.2932692307692308 0.07942238267148015 0.06670673076923077 0.07129963898916968
77 0.3485576923076923 0.05415162454873646 0.038461538461538464 0.10740072202166065
77 0.41346153846153844 0.11913357400722022 0.04807692307692308 0.10830324909747292
17 0.39663461538461536 0.05776173285198556 0.03365384615384615 0.07310469314079422
17 0.46153846153846156 0.06498194945848375 0.028245192307692308 0.07310469314079422
16 0.5168269230769231 0.05776173285198556 0.034254807692307696 0.07220216606498195
16 0.5721153846153846 0.06498194945848375 0.03365384615384615 0.07942238267148015
76 0.6274038461538461 0.05415162454873646 0.038461538461538464 0.10740072202166065
51 0.6802884615384616 0.05776173285198556 0.043870192307692304 0.10108303249097472
112 0.7379807692307693 0.05776173285198556 0.04807692307692308 0.11462093862815885
101 0.17307692307692307 0.6823104693140795 0.1063701923076923 0.16606498194945848
40 0.24759615384615385 0.6895306859205776 0.07692307692307693 0.12184115523465704
111 0.31971153846153844 0.6714801444043321 0.07211538461538461 0.1299638989169675
50 0.3918269230769231 0.6787003610108303 0.05348557692307692 0.11462093862815885
109 0.47596153846153844 0.7003610108303249 0.0625 0.11462093862815885
45 0.5480769230769231 0.6823104693140795 0.057692307692307696 0.08664259927797834
42 0.6201923076923077 0.6859205776173285 0.038461538461538464 0.10018050541516245
49 0.6971153846153846 0.703971119133574 0.04807692307692308 0.10740072202166065
42 0.7740384615384616 0.6859205776173285 0.038461538461538464 0.10018050541516245