161 0.3894230769230769 0.30042918454935624 0.05829326923076923 0.11158798283261803
106 0.5072115384615384 0.26609442060085836 0.0625 0.13841201716738197
111 0.6274038461538461 0.2703862660944206 0.04807692307692308 0.12875536480686695
82 0.6826923076923077 0.1630901287553648 0.047475961538461536 0.11158798283261803
82 0.6466346153846154 0.11587982832618025 0.04326923076923077 0.12875536480686695
48 0.6033653846153846 0.06866952789699571 0.04326923076923077 0.060085836909871244
24 0.5552884615384616 0.06437768240343347 0.04326923076923077 0.0944206008583691
24 0.5072115384615384 0.06437768240343347 0.04266826923076923 0.09549356223175966
21 0.36538461538461536 0.04291845493562232 0.047475961538461536 0.08476394849785408
21 0.41346153846153844 0.04721030042918455 0.029447115384615384 0.05150214592274678
85 0.4206730769230769 0.12875536480686695 0.04807692307692308 0.11909871244635194
48 0.36778846153846156 0.13304721030042918 0.04326923076923077 0.0944206008583691
50 0.6947115384615384 0.04721030042918455 0.04807692307692308 0.0944206008583691
168 0.31009615384615385 0.11158798283261803 0.05228365384615385 0.1459227467811159
2 0.45913461538461536 0.060085836909871244 0.05228365384615385 0.10193133047210301