100 0.49759615384615385 0.30472103004291845 0.05228365384615385 0.18025751072961374
9 0.5504807692307693 0.09012875536480687 0.02403846153846154 0.07725321888412018
9 0.5961538461538461 0.09012875536480687 0.028245192307692308 0.08583690987124463
97 0.6899038461538461 0.060085836909871244 0.043870192307692304 0.08690987124463519
36 0.6418269230769231 0.07296137339055794 0.04326923076923077 0.07725321888412018
14 0.36538461538461536 0.08583690987124463 0.0390625 0.10300429184549356
117 0.5625 0.3218884120171674 0.04807692307692308 0.11266094420600858
3 0.5865384615384616 0.2532188841201717 0.04326923076923077 0.07725321888412018
97 0.5288461538461539 0.2532188841201717 0.029447115384615384 0.04291845493562232
76 0.5528846153846154 0.19313304721030042 0.038461538461538464 0.11158798283261803
69 0.49759615384615385 0.15879828326180256 0.04807692307692308 0.10300429184549356
54 0.46634615384615385 0.23605150214592274 0.038461538461538464 0.1459227467811159
10 0.32211538461538464 0.09012875536480687 0.04326923076923077 0.09549356223175966
49 0.41346153846153844 0.0944206008583691 0.0390625 0.08690987124463519