179 0.4375 0.4444444444444444 0.0390625 0.1014957264957265
8 0.5024038461538461 0.45726495726495725 0.038461538461538464 0.09294871794871795
48 0.47115384615384615 0.5384615384615384 0.0390625 0.06837606837606838
17 0.40384615384615385 0.5128205128205128 0.038461538461538464 0.09401709401709402
98 0.40625 0.3504273504273504 0.04266826923076923 0.16987179487179488
16 0.37740384615384615 0.31196581196581197 0.034254807692307696 0.09508547008547008
16 0.44471153846153844 0.3162393162393162 0.038461538461538464 0.10363247863247864
77 0.5 0.3076923076923077 0.047475961538461536 0.10363247863247864
37 0.5625 0.3076923076923077 0.038461538461538464 0.13568376068376067
8 0.21875 0.717948717948718 0.0625 0.1014957264957265
17 0.27884615384615385 0.688034188034188 0.0390625 0.11217948717948718
73 0.46875 0.37606837606837606 0.05228365384615385 0.09401709401709402