29 0.4423076923076923 0.4188034188034188 0.047475961538461536 0.13782051282051283
68 0.4110576923076923 0.36324786324786323 0.043870192307692304 0.10256410256410256
179 0.3798076923076923 0.4358974358974359 0.04807692307692308 0.1014957264957265
59 0.4375 0.5897435897435898 0.047475961538461536 0.1014957264957265
42 0.7235576923076923 0.7051282051282052 0.04326923076923077 0.10256410256410256
93 0.5625 0.1752136752136752 0.047475961538461536 0.1452991452991453
61 0.6418269230769231 0.1282051282051282 0.043870192307692304 0.1014957264957265
91 0.5913461538461539 0.1282051282051282 0.047475961538461536 0.1111111111111111
94 0.4230769230769231 0.1282051282051282 0.052884615384615384 0.1527777777777778
94 0.47836538461538464 0.12393162393162394 0.05228365384615385 0.13675213675213677
1 0.5048076923076923 0.07692307692307693 0.019230769230769232 0.07692307692307693
1 0.5961538461538461 0.0811965811965812 0.019831730769230768 0.06837606837606838
33 0.4567307692307692 0.07692307692307693 0.03786057692307692 0.0673076923076923
13 0.21394230769230768 0.717948717948718 0.057692307692307696 0.10363247863247864
13 0.27403846153846156 0.7222222222222222 0.0673076923076923 0.11004273504273504
77 0.2932692307692308 0.5769230769230769 0.048677884615384616 0.12713675213675213
17 0.34134615384615385 0.6923076923076923 0.03786057692307692 0.11858974358974358
8 0.40625 0.7008547008547008 0.038461538461538464 0.06944444444444445
8 0.4735576923076923 0.7051282051282052 0.038461538461538464 0.060897435897435896
48 0.7139423076923077 0.6025641025641025 0.04807692307692308 0.11004273504273504
98 0.30528846153846156 0.41025641025641024 0.052884615384615384 0.1794871794871795
73 0.35336538461538464 0.36752136752136755 0.057692307692307696 0.1014957264957265
25 0.6201923076923077 0.19658119658119658 0.0390625 0.10256410256410256
32 0.5432692307692307 0.07692307692307693 0.04807692307692308 0.06944444444444445
30 0.6466346153846154 0.05982905982905983 0.04266826923076923 0.03418803418803419
25 0.6850961538461539 0.07692307692307693 0.02403846153846154 0.1014957264957265