104 0.49759615384615385 0.2564102564102564 0.052884615384615384 0.172008547008547
10 0.5865384615384616 0.26495726495726496 0.04326923076923077 0.11965811965811966
86 0.6129807692307693 0.17094017094017094 0.04807692307692308 0.13568376068376067
66 0.6682692307692307 0.19230769230769232 0.04326923076923077 0.1282051282051282
10 0.4519230769230769 0.08974358974358974 0.04326923076923077 0.10256410256410256
26 0.3605769230769231 0.10256410256410256 0.047475961538461536 0.08547008547008547
154 0.3269230769230769 0.1794871794871795 0.05709134615384615 0.16987179487179488
32 0.40384615384615385 0.08547008547008547 0.04326923076923077 0.10363247863247864
32 0.40625 0.25213675213675213 0.04807692307692308 0.13675213675213677
91 0.5048076923076923 0.13247863247863248 0.0673076923076923 0.06837606837606838
26 0.31490384615384615 0.10256410256410256 0.038461538461538464 0.08440170940170941