94 0.31009615384615385 0.36101083032490977 0.13040865384615385 0.17418772563176896
118 0.5264423076923077 0.37545126353790614 0.0625 0.13086642599277978
92 0.4206730769230769 0.4404332129963899 0.07692307692307693 0.14350180505415164
106 0.3004807692307692 0.5126353790613718 0.10036057692307693 0.1444043321299639
49 0.14182692307692307 0.7148014440433214 0.07211538461538461 0.11462093862815885
51 0.6634615384615384 0.5848375451263538 0.05709134615384615 0.15162454873646208
27 0.71875 0.4404332129963899 0.07211538461538461 0.1299638989169675
18 0.21394230769230768 0.7184115523465704 0.0625 0.12364620938628158
18 0.29086538461538464 0.7148014440433214 0.057692307692307696 0.12906137184115524
36 0.375 0.6967509025270758 0.0673076923076923 0.09296028880866426
57 0.44471153846153844 0.7148014440433214 0.05348557692307692 0.1164259927797834
6 0.5216346153846154 0.703971119133574 0.05228365384615385 0.10830324909747292
49 0.5985576923076923 0.7148014440433214 0.05228365384615385 0.11462093862815885
28 0.6730769230769231 0.7220216606498195 0.06670673076923077 0.10198555956678701
27 0.7451923076923077 0.7003610108303249 0.06790865384615384 0.14530685920577618