111 0.4639423076923077 0.6931407942238267 0.08233173076923077 0.1371841155234657
84 0.3173076923076923 0.37545126353790614 0.0967548076923077 0.1371841155234657
85 0.4951923076923077 0.45126353790613716 0.057692307692307696 0.1588447653429603
83 0.6802884615384616 0.37545126353790614 0.10096153846153846 0.15162454873646208
101 0.3004807692307692 0.5270758122743683 0.10576923076923077 0.14530685920577618
107 0.5024038461538461 0.5992779783393501 0.0625 0.11462093862815885
34 0.6153846153846154 0.5379061371841155 0.06790865384615384 0.12274368231046931
17 0.14903846153846154 0.7075812274368231 0.05709134615384615 0.10108303249097472
113 0.21634615384615385 0.7148014440433214 0.0625 0.14350180505415164
17 0.3004807692307692 0.703971119133574 0.057692307692307696 0.1092057761732852
98 0.37740384615384615 0.7075812274368231 0.061899038461538464 0.13086642599277978
7 0.53125 0.7111913357400722 0.05228365384615385 0.10740072202166065
7 0.6081730769230769 0.7111913357400722 0.043870192307692304 0.10108303249097472
34 0.6754807692307693 0.7256317689530686 0.07151442307692307 0.1371841155234657
96 0.7692307692307693 0.6967509025270758 0.1346153846153846 0.1371841155234657