94 0.34134615384615385 0.33935018050541516 0.13401442307692307 0.18050541516245489
118 0.5576923076923077 0.35018050541516244 0.0625 0.13628158844765342
92 0.4495192307692308 0.4151624548736462 0.07692307692307693 0.13808664259927797
106 0.3293269230769231 0.48736462093862815 0.10036057692307693 0.1444043321299639
49 0.17067307692307693 0.6931407942238267 0.07271634615384616 0.11462093862815885
51 0.6947115384615384 0.5595667870036101 0.05348557692307692 0.15162454873646208
27 0.75 0.4187725631768953 0.07211538461538461 0.1299638989169675
18 0.24278846153846154 0.6967509025270758 0.0625 0.12364620938628158
18 0.31971153846153844 0.6931407942238267 0.057692307692307696 0.12906137184115524
36 0.40384615384615385 0.6750902527075813 0.0673076923076923 0.09296028880866426
57 0.4735576923076923 0.6931407942238267 0.05348557692307692 0.1164259927797834
6 0.5504807692307693 0.6859205776173285 0.05228365384615385 0.10830324909747292
49 0.6298076923076923 0.6931407942238267 0.048677884615384616 0.11462093862815885
28 0.7043269230769231 0.7003610108303249 0.06310096153846154 0.10198555956678701
27 0.7764423076923077 0.6787003610108303 0.07151442307692307 0.14530685920577618