2 0.3076923076923077 0.11158798283261803 0.04807692307692308 0.0944206008583691
111 0.4110576923076923 0.24034334763948498 0.043870192307692304 0.12875536480686695
85 0.5264423076923077 0.15021459227467812 0.04326923076923077 0.11051502145922747
168 0.6418269230769231 0.12875536480686695 0.043870192307692304 0.15450643776824036
103 0.6899038461538461 0.07296137339055794 0.043870192307692304 0.1276824034334764
106 0.5024038461538461 0.2875536480686695 0.052884615384615384 0.14484978540772533
101 0.47115384615384615 0.24892703862660945 0.06790865384615384 0.13626609442060086
21 0.5841346153846154 0.13304721030042918 0.043870192307692304 0.1276824034334764
111 0.3629807692307692 0.06437768240343347 0.052884615384615384 0.1276824034334764
54 0.41346153846153844 0.0815450643776824 0.03786057692307692 0.0944206008583691
24 0.5 0.09012875536480687 0.0390625 0.09334763948497854