31 0.5408653846153846 0.516245487364621 0.09134615384615384 0.10108303249097472
33 0.3485576923076923 0.4404332129963899 0.10997596153846154 0.14350180505415164
51 0.49759615384615385 0.4296028880866426 0.05348557692307692 0.15072202166064982
27 0.6081730769230769 0.37184115523465705 0.07151442307692307 0.12184115523465704
45 0.22355769230769232 0.51985559566787 0.08233173076923077 0.1164259927797834
33 0.1466346153846154 0.7220216606498195 0.0907451923076923 0.12906137184115524
18 0.21875 0.7184115523465704 0.06310096153846154 0.12364620938628158
57 0.2932692307692308 0.7220216606498195 0.0673076923076923 0.11552346570397112
36 0.3798076923076923 0.7003610108303249 0.07211538461538461 0.09386281588447654
31 0.4519230769230769 0.7184115523465704 0.052884615384615384 0.1092057761732852
6 0.5288461538461539 0.7111913357400722 0.047475961538461536 0.10740072202166065
49 0.6081730769230769 0.7184115523465704 0.05228365384615385 0.12184115523465704
57 0.6850961538461539 0.7184115523465704 0.052884615384615384 0.11552346570397112
28 0.7596153846153846 0.7220216606498195 0.06790865384615384 0.11462093862815885
18 0.6225961538461539 0.5270758122743683 0.04326923076923077 0.1299638989169675