94 0.5120192307692307 0.5776173285198556 0.10576923076923077 0.16606498194945848
112 0.5865384615384616 0.40794223826714804 0.06670673076923077 0.20216606498194944
88 0.75 0.6823104693140795 0.09555288461538461 0.16606498194945848
89 0.4639423076923077 0.36823104693140796 0.08653846153846154 0.1444043321299639
31 0.6129807692307693 0.7003610108303249 0.052884615384615384 0.11552346570397112
110 0.3076923076923077 0.6967509025270758 0.0673076923076923 0.1299638989169675
97 0.1658653846153846 0.6714801444043321 0.08653846153846154 0.10018050541516245
118 0.30528846153846156 0.5126353790613718 0.0673076923076923 0.1299638989169675
66 0.4182692307692308 0.5667870036101083 0.057692307692307696 0.15072202166064982
78 0.3918269230769231 0.37545126353790614 0.052884615384615384 0.1444043321299639
106 0.5408653846153846 0.36823104693140796 0.05228365384615385 0.11552346570397112