94 0.3245192307692308 0.3574007220216607 0.1201923076923077 0.1796028880866426
92 0.43028846153846156 0.4404332129963899 0.08233173076923077 0.14350180505415164
118 0.5360576923076923 0.37545126353790614 0.05348557692307692 0.12906137184115524
27 0.7211538461538461 0.4332129963898917 0.06670673076923077 0.1299638989169675
106 0.3173076923076923 0.5090252707581228 0.08713942307692307 0.13628158844765342
51 0.6682692307692307 0.5776173285198556 0.052884615384615384 0.1444043321299639
49 0.16105769230769232 0.7075812274368231 0.07271634615384616 0.10108303249097472
18 0.23076923076923078 0.703971119133574 0.057692307692307696 0.12184115523465704
18 0.30528846153846156 0.7075812274368231 0.057692307692307696 0.12906137184115524
36 0.3894230769230769 0.6931407942238267 0.07211538461538461 0.08754512635379061
57 0.4567307692307692 0.703971119133574 0.048677884615384616 0.1092057761732852
6 0.5264423076923077 0.7003610108303249 0.05348557692307692 0.10830324909747292
49 0.6033653846153846 0.703971119133574 0.052884615384615384 0.10830324909747292
28 0.6754807692307693 0.7148014440433214 0.0625 0.11462093862815885
27 0.7451923076923077 0.6967509025270758 0.07692307692307693 0.1371841155234657