105 0.3245192307692308 0.2948717948717949 0.05348557692307692 0.1623931623931624
87 0.32211538461538464 0.11538461538461539 0.04807692307692308 0.07799145299145299
26 0.36778846153846156 0.11965811965811966 0.03365384615384615 0.05235042735042735
26 0.41346153846153844 0.11965811965811966 0.0390625 0.05235042735042735
177 0.4110576923076923 0.21794871794871795 0.043870192307692304 0.16346153846153846
76 0.29086538461538464 0.5769230769230769 0.052884615384615384 0.16346153846153846
3 0.3701923076923077 0.5811965811965812 0.057692307692307696 0.10363247863247864
118 0.4326923076923077 0.5683760683760684 0.04326923076923077 0.12927350427350429
115 0.4326923076923077 0.4017094017094017 0.0390625 0.172008547008547
63 0.47115384615384615 0.5 0.052884615384615384 0.11004273504273504
92 0.5288461538461539 0.3717948717948718 0.047475961538461536 0.1623931623931624
117 0.6514423076923077 0.3803418803418803 0.07271634615384616 0.15384615384615385
3 0.6370192307692307 0.14102564102564102 0.043870192307692304 0.11965811965811966
106 0.4495192307692308 0.27350427350427353 0.0625 0.1014957264957265
54 0.7139423076923077 0.6923076923076923 0.03365384615384615 0.09401709401709402
54 0.6538461538461539 0.6923076923076923 0.03365384615384615 0.08653846153846154
83 0.5336538461538461 0.6837606837606838 0.07752403846153846 0.12072649572649573
42 0.5985576923076923 0.7008547008547008 0.04807692307692308 0.10256410256410256
103 0.7139423076923077 0.5683760683760684 0.06310096153846154 0.14636752136752137
86 0.6418269230769231 0.5726495726495726 0.043870192307692304 0.1527777777777778
71 0.36538461538461536 0.1581196581196581 0.04326923076923077 0.08547008547008547