101 0.5168269230769231 0.351931330472103 0.05348557692307692 0.08583690987124463
45 0.5817307692307693 0.3218884120171674 0.047475961538461536 0.0944206008583691
49 0.3605769230769231 0.0944206008583691 0.04326923076923077 0.0944206008583691
49 0.40625 0.0944206008583691 0.04266826923076923 0.0944206008583691
110 0.4543269230769231 0.09871244635193133 0.04326923076923077 0.10300429184549356
7 0.5 0.09012875536480687 0.0390625 0.08583690987124463
82 0.65625 0.13733905579399142 0.04326923076923077 0.13841201716738197
56 0.3173076923076923 0.09012875536480687 0.0390625 0.0944206008583691
111 0.6057692307692307 0.2446351931330472 0.048677884615384616 0.12017167381974249
85 0.5985576923076923 0.15450643776824036 0.04326923076923077 0.0944206008583691
111 0.5456730769230769 0.0944206008583691 0.034254807692307696 0.10193133047210301
21 0.59375 0.0944206008583691 0.04326923076923077 0.07725321888412018
21 0.6370192307692307 0.0815450643776824 0.033052884615384616 0.07832618025751073
101 0.6875 0.11158798283261803 0.04326923076923077 0.060085836909871244