26 0.21153846153846154 0.7094017094017094 0.04807692307692308 0.1111111111111111
26 0.27884615384615385 0.7094017094017094 0.05709134615384615 0.10363247863247864
48 0.34134615384615385 0.7136752136752137 0.04326923076923077 0.09294871794871795
53 0.46875 0.688034188034188 0.04326923076923077 0.10256410256410256
28 0.5336538461538461 0.6965811965811965 0.04326923076923077 0.11004273504273504
53 0.6009615384615384 0.6837606837606838 0.047475961538461536 0.1014957264957265
4 0.7259615384615384 0.6923076923076923 0.052884615384615384 0.12072649572649573
109 0.71875 0.5811965811965812 0.04807692307692308 0.10363247863247864
174 0.6514423076923077 0.5555555555555556 0.052884615384615384 0.1623931623931624
89 0.5769230769230769 0.5683760683760684 0.048677884615384616 0.13675213675213677
73 0.5721153846153846 0.41452991452991456 0.048677884615384616 0.12713675213675213
64 0.4735576923076923 0.34615384615384615 0.061899038461538464 0.16132478632478633
79 0.31490384615384615 0.41452991452991456 0.0673076923076923 0.13675213675213677
110 0.2980769230769231 0.5811965811965812 0.06670673076923077 0.13675213675213677