111 0.7283653846153846 0.06498194945848375 0.05348557692307692 0.12274368231046931
168 0.27403846153846156 0.1299638989169675 0.05829326923076923 0.1444043321299639
82 0.6730769230769231 0.1407942238267148 0.04807692307692308 0.11552346570397112
82 0.7139423076923077 0.19133574007220217 0.043870192307692304 0.12274368231046931
21 0.3389423076923077 0.07581227436823104 0.04807692307692308 0.08664259927797834
21 0.3894230769230769 0.07220216606498195 0.03365384615384615 0.05776173285198556
161 0.36538461538461536 0.3140794223826715 0.11057692307692307 0.15072202166064982
106 0.5120192307692307 0.2924187725631769 0.0625 0.13628158844765342
111 0.6490384615384616 0.30324909747292417 0.06670673076923077 0.1299638989169675
24 0.5625 0.09025270758122744 0.04326923076923077 0.09296028880866426
48 0.6201923076923077 0.10108303249097472 0.04807692307692308 0.05685920577617329
24 0.5072115384615384 0.08664259927797834 0.043870192307692304 0.07942238267148015
85 0.40625 0.1588447653429603 0.05228365384615385 0.1164259927797834
2 0.44711538461538464 0.06859205776173286 0.0673076923076923 0.05776173285198556
48 0.34375 0.1588447653429603 0.04807692307692308 0.07310469314079422