106 0.5024038461538461 0.30324909747292417 0.05228365384615385 0.1371841155234657
80 0.3245192307692308 0.24548736462093862 0.043870192307692304 0.1299638989169675
107 0.2668269230769231 0.148014440433213 0.04266826923076923 0.07851985559566788
102 0.29086538461538464 0.1552346570397112 0.05228365384615385 0.1588447653429603
45 0.2860576923076923 0.07942238267148015 0.05228365384615385 0.058664259927797835
111 0.34134615384615385 0.06859205776173286 0.052884615384615384 0.1092057761732852
73 0.3918269230769231 0.09386281588447654 0.043870192307692304 0.09386281588447654
41 0.5 0.08664259927797834 0.052884615384615384 0.08574007220216606
80 0.5528846153846154 0.09386281588447654 0.03786057692307692 0.10108303249097472
20 0.44711538461538464 0.09386281588447654 0.04326923076923077 0.08664259927797834
107 0.6105769230769231 0.09386281588447654 0.047475961538461536 0.10198555956678701
82 0.6658653846153846 0.06859205776173286 0.05228365384615385 0.08032490974729242
82 0.6610576923076923 0.1444043321299639 0.04807692307692308 0.10830324909747292
46 0.71875 0.09386281588447654 0.04326923076923077 0.07310469314079422
58 0.3389423076923077 0.1371841155234657 0.05228365384615385 0.08574007220216606