94 0.3245192307692308 0.36462093862815886 0.09615384615384616 0.1796028880866426
118 0.5408653846153846 0.37545126353790614 0.05348557692307692 0.1299638989169675
92 0.4326923076923077 0.4368231046931408 0.06670673076923077 0.12274368231046931
106 0.31971153846153844 0.5054151624548736 0.09134615384615384 0.12906137184115524
27 0.71875 0.4296028880866426 0.07271634615384616 0.1371841155234657
51 0.6706730769230769 0.5740072202166066 0.05348557692307692 0.15072202166064982
49 0.16826923076923078 0.7003610108303249 0.0673076923076923 0.10108303249097472
18 0.23798076923076922 0.703971119133574 0.057692307692307696 0.12184115523465704
18 0.31009615384615385 0.703971119133574 0.061899038461538464 0.12274368231046931
36 0.3918269230769231 0.6823104693140795 0.07271634615384616 0.08032490974729242
57 0.4567307692307692 0.7003610108303249 0.052884615384615384 0.10830324909747292
6 0.5336538461538461 0.6931407942238267 0.047475961538461536 0.10830324909747292
6 0.6057692307692307 0.703971119133574 0.048677884615384616 0.10740072202166065
28 0.6778846153846154 0.7111913357400722 0.0625 0.1092057761732852
27 0.7475961538461539 0.6895306859205776 0.07151442307692307 0.1299638989169675