2 0.6033653846153846 0.1072961373390558 0.043870192307692304 0.11266094420600858
2 0.6610576923076923 0.04721030042918455 0.04326923076923077 0.07618025751072961
142 0.6634615384615384 0.12446351931330472 0.047475961538461536 0.1459227467811159
109 0.37740384615384615 0.13733905579399142 0.04807692307692308 0.10193133047210301
168 0.31971153846153844 0.12017167381974249 0.04326923076923077 0.1459227467811159
161 0.39663461538461536 0.31759656652360513 0.08653846153846154 0.11909871244635194
111 0.6394230769230769 0.2918454935622318 0.048677884615384616 0.13733905579399142
85 0.4326923076923077 0.14163090128755365 0.04807692307692308 0.12017167381974249
24 0.3798076923076923 0.07725321888412018 0.04326923076923077 0.08583690987124463
111 0.7043269230769231 0.060085836909871244 0.038461538461538464 0.11909871244635194
106 0.5216346153846154 0.2832618025751073 0.061899038461538464 0.1459227467811159