111 0.7211538461538461 0.04693140794223827 0.057692307692307696 0.09386281588447654
168 0.2620192307692308 0.10108303249097472 0.061899038461538464 0.1444043321299639
82 0.6658653846153846 0.11191335740072202 0.04807692307692308 0.12184115523465704
82 0.7091346153846154 0.1624548736462094 0.043870192307692304 0.12274368231046931
21 0.3269230769230769 0.04332129963898917 0.04807692307692308 0.08664259927797834
21 0.3798076923076923 0.039711191335740074 0.03365384615384615 0.06407942238267147
161 0.3557692307692308 0.2888086642599278 0.11478365384615384 0.14530685920577618
106 0.5024038461538461 0.26714801444043323 0.0625 0.1371841155234657
111 0.6418269230769231 0.2743682310469314 0.0673076923076923 0.1299638989169675
24 0.5528846153846154 0.061371841155234655 0.04326923076923077 0.09386281588447654
48 0.6105769230769231 0.07220216606498195 0.04807692307692308 0.05776173285198556
24 0.49759615384615385 0.05776173285198556 0.043870192307692304 0.07942238267148015
85 0.39663461538461536 0.1299638989169675 0.05228365384615385 0.1164259927797834
2 0.4375 0.039711191335740074 0.0673076923076923 0.05776173285198556
48 0.33413461538461536 0.1299638989169675 0.04807692307692308 0.07942238267148015