101 0.32211538461538464 0.3333333333333333 0.057692307692307696 0.08547008547008547
84 0.38221153846153844 0.29914529914529914 0.043870192307692304 0.13568376068376067
22 0.5048076923076923 0.2948717948717949 0.04326923076923077 0.14636752136752137
111 0.4735576923076923 0.2094017094017094 0.038461538461538464 0.14423076923076922
31 0.5384615384615384 0.24786324786324787 0.047475961538461536 0.10256410256410256
13 0.6274038461538461 0.31196581196581197 0.04807692307692308 0.09294871794871795
85 0.6394230769230769 0.1282051282051282 0.04326923076923077 0.13782051282051283
53 0.5096153846153846 0.08547008547008547 0.028245192307692308 0.07692307692307693
53 0.5504807692307693 0.07692307692307693 0.033052884615384616 0.0673076923076923
31 0.5985576923076923 0.0811965811965812 0.024639423076923076 0.07799145299145299
45 0.6490384615384616 0.07264957264957266 0.03786057692307692 0.07692307692307693
13 0.3245192307692308 0.08547008547008547 0.033052884615384616 0.06837606837606838
29 0.6995192307692307 0.06837606837606838 0.04807692307692308 0.11858974358974358