101 0.5144230769230769 0.33905579399141633 0.05709134615384615 0.07832618025751073
45 0.5769230769230769 0.3090128755364807 0.04326923076923077 0.08690987124463519
49 0.3605769230769231 0.08583690987124463 0.0390625 0.08690987124463519
49 0.40625 0.09012875536480687 0.04266826923076923 0.09334763948497854
110 0.4543269230769231 0.09012875536480687 0.04326923076923077 0.09549356223175966
7 0.5 0.0815450643776824 0.038461538461538464 0.08583690987124463
82 0.6514423076923077 0.12875536480686695 0.04326923076923077 0.13841201716738197
56 0.31971153846153844 0.0815450643776824 0.038461538461538464 0.0944206008583691
111 0.6009615384615384 0.23605150214592274 0.048677884615384616 0.12017167381974249
85 0.59375 0.1459227467811159 0.04326923076923077 0.08690987124463519
111 0.5432692307692307 0.09012875536480687 0.03786057692307692 0.0944206008583691
21 0.5913461538461539 0.08583690987124463 0.04326923076923077 0.07725321888412018
21 0.6322115384615384 0.07296137339055794 0.033052884615384616 0.07832618025751073
101 0.6826923076923077 0.10300429184549356 0.0390625 0.05257510729613734