31 0.5432692307692307 0.5306859205776173 0.08713942307692307 0.09476534296028881
33 0.3557692307692308 0.4584837545126354 0.10516826923076923 0.13628158844765342
51 0.5024038461538461 0.44765342960288806 0.052884615384615384 0.1444043321299639
27 0.6081730769230769 0.3898916967509025 0.0673076923076923 0.11462093862815885
45 0.23798076923076922 0.5342960288808665 0.08173076923076923 0.11462093862815885
33 0.16346153846153846 0.7292418772563177 0.08653846153846154 0.12274368231046931
18 0.23317307692307693 0.7256317689530686 0.0625 0.12274368231046931
57 0.30528846153846156 0.7292418772563177 0.06310096153846154 0.11462093862815885
36 0.3894230769230769 0.7075812274368231 0.0673076923076923 0.08754512635379061
31 0.4567307692307692 0.7256317689530686 0.048677884615384616 0.10830324909747292
6 0.53125 0.7184115523465704 0.043870192307692304 0.10108303249097472
49 0.6081730769230769 0.7256317689530686 0.05228365384615385 0.11552346570397112
57 0.6826923076923077 0.7256317689530686 0.048677884615384616 0.1092057761732852
28 0.7524038461538461 0.7292418772563177 0.0673076923076923 0.10830324909747292
18 0.6201923076923077 0.5415162454873647 0.04326923076923077 0.12906137184115524