106 0.5120192307692307 0.2851985559566787 0.061899038461538464 0.15072202166064982
15 0.6105769230769231 0.1263537906137184 0.04807692307692308 0.12184115523465704
141 0.43990384615384615 0.1552346570397112 0.05348557692307692 0.194043321299639
165 0.2692307692307692 0.11552346570397112 0.047475961538461536 0.08664259927797834
102 0.3004807692307692 0.1263537906137184 0.061899038461538464 0.1588447653429603
102 0.7355769230769231 0.04693140794223827 0.07211538461538461 0.09296028880866426
41 0.6298076923076923 0.04693140794223827 0.05709134615384615 0.07851985559566788
111 0.6442307692307693 0.17328519855595667 0.048677884615384616 0.12274368231046931
82 0.6802884615384616 0.12274368231046931 0.04807692307692308 0.10830324909747292
54 0.5865384615384616 0.30685920577617326 0.048677884615384616 0.10830324909747292
50 0.34615384615384615 0.06498194945848375 0.04326923076923077 0.10198555956678701
45 0.5697115384615384 0.07220216606498195 0.04807692307692308 0.08754512635379061
42 0.4519230769230769 0.04332129963898917 0.029447115384615384 0.029783393501805054