106 0.5024038461538461 0.2996389891696751 0.057692307692307696 0.13808664259927797
15 0.5985576923076923 0.1444043321299639 0.043870192307692304 0.11462093862815885
141 0.43509615384615385 0.17328519855595667 0.052884615384615384 0.18682310469314078
165 0.27163461538461536 0.13357400722021662 0.04326923076923077 0.08032490974729242
102 0.3004807692307692 0.1444043321299639 0.057692307692307696 0.157942238267148
102 0.71875 0.05776173285198556 0.07151442307692307 0.10830324909747292
41 0.6177884615384616 0.07220216606498195 0.052884615384615384 0.07220216606498195
111 0.6298076923076923 0.19133574007220217 0.04807692307692308 0.12184115523465704
82 0.6658653846153846 0.1444043321299639 0.043870192307692304 0.10108303249097472
54 0.5745192307692307 0.3212996389891697 0.04807692307692308 0.10740072202166065
50 0.34375 0.08664259927797834 0.04326923076923077 0.10108303249097472
45 0.5576923076923077 0.09386281588447654 0.047475961538461536 0.08664259927797834
42 0.44471153846153844 0.06498194945848375 0.033052884615384616 0.029783393501805054