45 0.5048076923076923 0.4015444015444015 0.009014423076923076 0.0009652509652509653
51 0.37740384615384615 0.2857142857142857 0.052884615384615384 0.13803088803088803
78 0.39663461538461536 0.5057915057915058 0.04807692307692308 0.13223938223938225
97 0.46875 0.4942084942084942 0.04807692307692308 0.10810810810810811
54 0.4375 0.4092664092664093 0.0390625 0.15347490347490347
90 0.5144230769230769 0.416988416988417 0.05709134615384615 0.12451737451737452
138 0.5120192307692307 0.2625482625482625 0.04807692307692308 0.1776061776061776
78 0.4423076923076923 0.28185328185328185 0.048677884615384616 0.09266409266409266
118 0.5096153846153846 0.5675675675675675 0.04807692307692308 0.13127413127413126
69 0.59375 0.5714285714285714 0.05228365384615385 0.16891891891891891
92 0.5480769230769231 0.5096525096525096 0.04326923076923077 0.13127413127413126
158 0.5817307692307693 0.28185328185328185 0.048677884615384616 0.16988416988416988
39 0.47836538461538464 0.12355212355212356 0.05228365384615385 0.138996138996139
76 0.6682692307692307 0.11583011583011583 0.047475961538461536 0.12451737451737452
76 0.2932692307692308 0.10424710424710425 0.05829326923076923 0.1476833976833977
117 0.4735576923076923 0.36293436293436293 0.04326923076923077 0.1554054054054054
16 0.3605769230769231 0.06177606177606178 0.03365384615384615 0.10038610038610038
51 0.31009615384615385 0.05019305019305019 0.03365384615384615 0.08494208494208494