26 0.2091346153846154 0.7167381974248928 0.043870192307692304 0.11051502145922747
26 0.27403846153846156 0.7167381974248928 0.05709134615384615 0.10300429184549356
48 0.33653846153846156 0.7253218884120172 0.04326923076923077 0.09334763948497854
53 0.46153846153846156 0.6952789699570815 0.04326923076923077 0.10300429184549356
28 0.5264423076923077 0.7081545064377682 0.04326923076923077 0.11051502145922747
53 0.5913461538461539 0.6909871244635193 0.047475961538461536 0.09549356223175966
4 0.7163461538461539 0.703862660944206 0.052884615384615384 0.12017167381974249
109 0.7067307692307693 0.592274678111588 0.047475961538461536 0.10407725321888411
174 0.6418269230769231 0.5665236051502146 0.05228365384615385 0.1630901287553648
89 0.5697115384615384 0.5793991416309013 0.05228365384615385 0.1298283261802575
73 0.5625 0.4248927038626609 0.04807692307692308 0.12017167381974249
64 0.46634615384615385 0.3562231759656652 0.057692307692307696 0.16201716738197425
79 0.31009615384615385 0.4248927038626609 0.06310096153846154 0.13733905579399142
110 0.2932692307692308 0.592274678111588 0.06670673076923077 0.13626609442060086