115 0.3245192307692308 0.2832618025751073 0.06310096153846154 0.18991416309012876
84 0.3870192307692308 0.30472103004291845 0.04807692307692308 0.1276824034334764
51 0.44711538461538464 0.2918454935622318 0.047475961538461536 0.13733905579399142
12 0.5144230769230769 0.31759656652360513 0.07211538461538461 0.13841201716738197
73 0.6298076923076923 0.31759656652360513 0.0390625 0.12017167381974249
53 0.6442307692307693 0.12875536480686695 0.047475961538461536 0.12875536480686695
3 0.6947115384615384 0.06866952789699571 0.034254807692307696 0.08583690987124463
42 0.5576923076923077 0.0815450643776824 0.0390625 0.07832618025751073
42 0.5072115384615384 0.0815450643776824 0.04266826923076923 0.07832618025751073
3 0.4254807692307692 0.13304721030042918 0.038461538461538464 0.12017167381974249
12 0.4182692307692308 0.0815450643776824 0.08173076923076923 0.07832618025751073
15 0.31009615384615385 0.12875536480686695 0.04807692307692308 0.11158798283261803