177 0.6610576923076923 0.33047210300429186 0.038461538461538464 0.1630901287553648
87 0.6971153846153846 0.44635193133047213 0.04807692307692308 0.13626609442060086
106 0.5961538461538461 0.3648068669527897 0.0390625 0.16201716738197425
83 0.6225961538461539 0.3090128755364807 0.038461538461538464 0.12875536480686695
115 0.5360576923076923 0.2317596566523605 0.04326923076923077 0.18025751072961374
87 0.7307692307692307 0.703862660944206 0.052884615384615384 0.13626609442060086
26 0.6610576923076923 0.7081545064377682 0.04807692307692308 0.11051502145922747
105 0.28125 0.3648068669527897 0.061899038461538464 0.1888412017167382
117 0.3269230769230769 0.3133047210300429 0.05709134615384615 0.1298283261802575
71 0.2980769230769231 0.5879828326180258 0.052884615384615384 0.08583690987124463
63 0.5 0.19313304721030042 0.0390625 0.11266094420600858
3 0.6466346153846154 0.5793991416309013 0.04266826923076923 0.11158798283261803
92 0.44471153846153844 0.30472103004291845 0.04807692307692308 0.15450643776824036
76 0.6418269230769231 0.13304721030042918 0.043870192307692304 0.1630901287553648
118 0.5288461538461539 0.10300429184549356 0.04807692307692308 0.06866952789699571
42 0.45913461538461536 0.09012875536480687 0.038461538461538464 0.09334763948497854
54 0.41586538461538464 0.09012875536480687 0.034254807692307696 0.08583690987124463
86 0.36538461538461536 0.13733905579399142 0.047475961538461536 0.13841201716738197
103 0.31009615384615385 0.12875536480686695 0.043870192307692304 0.13626609442060086