103 0.2283653846153846 0.5956678700361011 0.07211538461538461 0.12274368231046931
74 0.21875 0.36101083032490977 0.07211538461538461 0.14530685920577618
100 0.37259615384615385 0.36101083032490977 0.06310096153846154 0.1588447653429603
170 0.4110576923076923 0.24187725631768953 0.05228365384615385 0.15072202166064982
70 0.44711538461538464 0.36462093862815886 0.052884615384615384 0.15072202166064982
54 0.4519230769230769 0.23826714801444043 0.04326923076923077 0.10198555956678701
78 0.4879807692307692 0.2888086642599278 0.05348557692307692 0.1164259927797834
137 0.4831730769230769 0.1552346570397112 0.034254807692307696 0.1371841155234657
60 0.5216346153846154 0.11552346570397112 0.0625 0.11462093862815885
69 0.5817307692307693 0.1407942238267148 0.047475961538461536 0.1371841155234657
138 0.3798076923076923 0.12274368231046931 0.048677884615384616 0.1164259927797834
63 0.6610576923076923 0.5667870036101083 0.05348557692307692 0.12274368231046931
109 0.3173076923076923 0.6137184115523465 0.0859375 0.1299638989169675
92 0.2932692307692308 0.38267148014440433 0.0625 0.1299638989169675
98 0.33413461538461536 0.30685920577617326 0.04807692307692308 0.12184115523465704
98 0.5625 0.30324909747292417 0.05709134615384615 0.157942238267148
3 0.4423076923076923 0.1371841155234657 0.04807692307692308 0.07942238267148015
74 0.6057692307692307 0.6823104693140795 0.11057692307692307 0.1651624548736462
10 0.6875 0.6859205776173285 0.0859375 0.16606498194945848
114 0.7379807692307693 0.5631768953068592 0.052884615384615384 0.10830324909747292
70 0.7764423076923077 0.6895306859205776 0.11959134615384616 0.1796028880866426