86 0.5 0.5407725321888412 0.04807692307692308 0.15450643776824036
49 0.2980769230769231 0.5622317596566524 0.048677884615384616 0.14484978540772533
3 0.7091346153846154 0.5536480686695279 0.052884615384615384 0.09549356223175966
64 0.5360576923076923 0.3605150214592275 0.057692307692307696 0.15450643776824036
69 0.46875 0.45493562231759654 0.05348557692307692 0.1459227467811159
59 0.3605769230769231 0.5665236051502146 0.047475961538461536 0.11909871244635194
70 0.40625 0.33476394849785407 0.052884615384615384 0.1630901287553648
81 0.4182692307692308 0.1459227467811159 0.047475961538461536 0.06866952789699571
36 0.33413461538461536 0.17167381974248927 0.05228365384615385 0.08476394849785408
82 0.6346153846153846 0.10300429184549356 0.04326923076923077 0.13733905579399142
87 0.30528846153846156 0.13304721030042918 0.05348557692307692 0.1298283261802575
120 0.3629807692307692 0.11158798283261803 0.04807692307692308 0.15343347639484978
111 0.5600961538461539 0.2575107296137339 0.05348557692307692 0.15450643776824036
106 0.5024038461538461 0.26609442060085836 0.052884615384615384 0.1459227467811159
161 0.44711538461538464 0.2875536480686695 0.06670673076923077 0.13733905579399142
10 0.4735576923076923 0.351931330472103 0.05348557692307692 0.11158798283261803