78 0.4254807692307692 0.5923076923076923 0.05228365384615385 0.13846153846153847
118 0.5024038461538461 0.573076923076923 0.04326923076923077 0.13173076923076923
69 0.5817307692307693 0.573076923076923 0.04807692307692308 0.1605769230769231
92 0.5384615384615384 0.5115384615384615 0.0390625 0.12307692307692308
97 0.45913461538461536 0.5 0.05228365384615385 0.09230769230769231
54 0.42788461538461536 0.41923076923076924 0.04326923076923077 0.14615384615384616
90 0.5048076923076923 0.4230769230769231 0.05709134615384615 0.13846153846153847
117 0.4639423076923077 0.35 0.04326923076923077 0.11538461538461539
72 0.4326923076923077 0.3038461538461538 0.04807692307692308 0.10096153846153846
73 0.5048076923076923 0.3038461538461538 0.04807692307692308 0.11538461538461539
112 0.5721153846153846 0.3076923076923077 0.047475961538461536 0.13942307692307693
84 0.6322115384615384 0.3153846153846154 0.043870192307692304 0.1375
74 0.5360576923076923 0.23461538461538461 0.052884615384615384 0.13076923076923078
75 0.53125 0.12307692307692308 0.05348557692307692 0.12307692307692308
109 0.59375 0.16153846153846155 0.04807692307692308 0.09326923076923077
3 0.30288461538461536 0.08461538461538462 0.047475961538461536 0.09230769230769231
54 0.35096153846153844 0.1 0.038461538461538464 0.09134615384615384
12 0.40384615384615385 0.10384615384615385 0.048677884615384616 0.10096153846153846
12 0.45913461538461536 0.10384615384615385 0.057692307692307696 0.09903846153846153
14 0.6538461538461539 0.08461538461538462 0.0390625 0.09134615384615384
14 0.7043269230769231 0.08846153846153847 0.038461538461538464 0.09230769230769231
53 0.6538461538461539 0.14615384615384616 0.04326923076923077 0.10865384615384616
9 0.1971153846153846 0.6846153846153846 0.052884615384615384 0.12403846153846154