86 0.4951923076923077 0.5407725321888412 0.048677884615384616 0.15450643776824036
49 0.2860576923076923 0.5622317596566524 0.05228365384615385 0.1459227467811159
3 0.7067307692307693 0.5536480686695279 0.052884615384615384 0.10300429184549356
64 0.53125 0.351931330472103 0.057692307692307696 0.15450643776824036
69 0.46153846153846156 0.45064377682403434 0.05709134615384615 0.1459227467811159
59 0.35096153846153844 0.5622317596566524 0.047475961538461536 0.11266094420600858
70 0.39903846153846156 0.33047210300429186 0.052884615384615384 0.16416309012875535
81 0.4110576923076923 0.13304721030042918 0.043870192307692304 0.06866952789699571
36 0.3245192307692308 0.1630901287553648 0.05228365384615385 0.08583690987124463
82 0.6322115384615384 0.0944206008583691 0.04326923076923077 0.13841201716738197
87 0.2956730769230769 0.12446351931330472 0.057692307692307696 0.1298283261802575
120 0.35336538461538464 0.09871244635193133 0.04807692307692308 0.15450643776824036
111 0.5552884615384616 0.24892703862660945 0.057692307692307696 0.1555793991416309
106 0.4951923076923077 0.2575107296137339 0.052884615384615384 0.15343347639484978
161 0.43990384615384615 0.2832618025751073 0.06310096153846154 0.13841201716738197
10 0.46634615384615385 0.34763948497854075 0.057692307692307696 0.11266094420600858