118 0.5408653846153846 0.37545126353790614 0.052884615384615384 0.13086642599277978
94 0.3293269230769231 0.36823104693140796 0.08233173076923077 0.15974729241877256
106 0.31971153846153844 0.5126353790613718 0.09134615384615384 0.14350180505415164
92 0.43509615384615385 0.44404332129963897 0.0811298076923077 0.13808664259927797
27 0.7235576923076923 0.4368231046931408 0.07211538461538461 0.12184115523465704
51 0.6730769230769231 0.5776173285198556 0.05829326923076923 0.1444043321299639
49 0.16826923076923078 0.7003610108303249 0.06790865384615384 0.10198555956678701
18 0.23557692307692307 0.703971119133574 0.05709134615384615 0.12274368231046931
18 0.31009615384615385 0.7075812274368231 0.05348557692307692 0.12906137184115524
36 0.3918269230769231 0.6823104693140795 0.06310096153846154 0.07942238267148015
57 0.4567307692307692 0.7003610108303249 0.057692307692307696 0.11462093862815885
6 0.5336538461538461 0.6967509025270758 0.04807692307692308 0.10740072202166065
49 0.6057692307692307 0.703971119133574 0.04807692307692308 0.10740072202166065
28 0.6802884615384616 0.7111913357400722 0.0625 0.11552346570397112
27 0.7475961538461539 0.6823104693140795 0.07271634615384616 0.15072202166064982