62 0.8870192307692307 0.7947761194029851 0.19230769230769232 0.3218283582089552
61 0.5240384615384616 0.5485074626865671 0.0967548076923077 0.23134328358208955
42 0.28846153846153844 0.8097014925373134 0.0967548076923077 0.18563432835820895
91 0.5096153846153846 0.7910447761194029 0.125 0.22294776119402984
69 0.8197115384615384 0.6268656716417911 0.0907451923076923 0.19402985074626866
141 0.47836538461538464 0.24253731343283583 0.09615384615384616 0.2835820895522388
149 0.2692307692307692 0.2947761194029851 0.11057692307692307 0.19402985074626866
78 0.3701923076923077 0.4626865671641791 0.0967548076923077 0.23880597014925373
118 0.16826923076923078 0.7985074626865671 0.11057692307692307 0.1865671641791045
88 0.5769230769230769 0.27238805970149255 0.09134615384615384 0.21641791044776118
64 0.36778846153846156 0.2574626865671642 0.08173076923076923 0.1875
95 0.6754807692307693 0.3246268656716418 0.10036057692307693 0.1865671641791045
93 0.7740384615384616 0.26119402985074625 0.09615384615384616 0.27611940298507465
70 0.6682692307692307 0.13432835820895522 0.1346153846153846 0.19496268656716417
35 0.7596153846153846 0.7985074626865671 0.09555288461538461 0.15671641791044777
54 0.04567307692307692 0.9029850746268657 0.0907451923076923 0.19309701492537312
3 0.5192307692307693 0.055970149253731345 0.0625 0.11100746268656717
66 0.5697115384615384 0.08955223880597014 0.0673076923076923 0.14832089552238806
64 0.5961538461538461 0.03731343283582089 0.0673076923076923 0.07369402985074627
4 0.8221153846153846 0.06343283582089553 0.0673076923076923 0.1259328358208955