62 0.8843373493975903 0.79182156133829 0.18795180722891566 0.3187732342007435
61 0.5277108433734939 0.5539033457249071 0.0963855421686747 0.2295539033457249
42 0.2963855421686747 0.8066914498141264 0.0963855421686747 0.17843866171003717
91 0.5132530120481927 0.7881040892193308 0.1210843373493976 0.20910780669144982
69 0.8168674698795181 0.6282527881040892 0.09096385542168675 0.18680297397769516
141 0.4819277108433735 0.2527881040892193 0.0963855421686747 0.2815985130111524
149 0.27710843373493976 0.30111524163568776 0.11024096385542169 0.18680297397769516
78 0.3759036144578313 0.4684014869888476 0.0963855421686747 0.23698884758364314
118 0.1783132530120482 0.7955390334572491 0.10662650602409639 0.17936802973977695
88 0.5783132530120482 0.2825278810408922 0.08734939759036145 0.20910780669144982
64 0.37349397590361444 0.26394052044609667 0.08132530120481928 0.18587360594795538
95 0.6771084337349398 0.3308550185873606 0.0963855421686747 0.18494423791821563
93 0.7734939759036145 0.27137546468401486 0.09216867469879518 0.2741635687732342
70 0.6698795180722892 0.14869888475836432 0.13433734939759037 0.19330855018587362
35 0.7590361445783133 0.7955390334572491 0.09156626506024096 0.1496282527881041
54 0.05542168674698795 0.895910780669145 0.09096385542168675 0.18494423791821563
3 0.5228915662650603 0.05947955390334572 0.06265060240963856 0.11895910780669144
66 0.5710843373493976 0.10408921933085502 0.06325301204819277 0.1412639405204461
64 0.5975903614457831 0.04460966542750929 0.06686746987951807 0.08828996282527882
4 0.8216867469879519 0.07434944237918216 0.06746987951807229 0.13289962825278812