62 0.9014423076923077 0.8134328358208955 0.19230769230769232 0.32742537313432835
61 0.5408653846153846 0.5708955223880597 0.10036057692307693 0.23134328358208955
42 0.30528846153846156 0.8283582089552238 0.10036057692307693 0.18003731343283583
91 0.5264423076923077 0.8097014925373134 0.125 0.21735074626865672
69 0.8365384615384616 0.6455223880597015 0.08713942307692307 0.19402985074626866
141 0.4951923076923077 0.26119402985074625 0.09615384615384616 0.2835820895522388
149 0.2860576923076923 0.31343283582089554 0.11057692307692307 0.19402985074626866
78 0.3870192307692308 0.48134328358208955 0.10036057692307693 0.23880597014925373
118 0.18509615384615385 0.8171641791044776 0.11057692307692307 0.1865671641791045
88 0.5913461538461539 0.291044776119403 0.09134615384615384 0.21641791044776118
64 0.38221153846153844 0.27611940298507465 0.08173076923076923 0.19309701492537312
95 0.6923076923076923 0.34328358208955223 0.0967548076923077 0.1865671641791045
93 0.7908653846153846 0.2798507462686567 0.09615384615384616 0.27611940298507465
70 0.6826923076923077 0.15298507462686567 0.1346153846153846 0.20055970149253732
35 0.7740384615384616 0.8208955223880597 0.09555288461538461 0.15671641791044777
54 0.06009615384615385 0.9123134328358209 0.09134615384615384 0.17537313432835822
3 0.5360576923076923 0.06716417910447761 0.0625 0.12033582089552239
66 0.5865384615384616 0.10820895522388059 0.0673076923076923 0.14272388059701493
64 0.6129807692307693 0.048507462686567165 0.0673076923076923 0.08955223880597014
4 0.8389423076923077 0.07835820895522388 0.0673076923076923 0.12779850746268656