67 0.46153846153846156 0.14163090128755365 0.0390625 0.11266094420600858
16 0.3485576923076923 0.07725321888412018 0.038461538461538464 0.11158798283261803
36 0.6298076923076923 0.13733905579399142 0.047475961538461536 0.12017167381974249
6 0.5528846153846154 0.3218884120171674 0.0390625 0.11051502145922747
98 0.49278846153846156 0.2875536480686695 0.057692307692307696 0.1813304721030043
22 0.30288461538461536 0.0815450643776824 0.04326923076923077 0.11266094420600858
55 0.4014423076923077 0.07725321888412018 0.04807692307692308 0.0944206008583691
35 0.5745192307692307 0.15021459227467812 0.05348557692307692 0.10300429184549356
16 0.5192307692307693 0.1459227467811159 0.04326923076923077 0.10193133047210301
30 0.6346153846153846 0.06866952789699571 0.047475961538461536 0.0944206008583691
8 0.5865384615384616 0.08583690987124463 0.0390625 0.08476394849785408
33 0.44471153846153844 0.10300429184549356 0.043870192307692304 0.12875536480686695
13 0.49278846153846156 0.0944206008583691 0.04266826923076923 0.10193133047210301
4 0.5384615384615384 0.09012875536480687 0.04807692307692308 0.0944206008583691
35 0.6778846153846154 0.0815450643776824 0.028846153846153848 0.08583690987124463