8 0.3245192307692308 0.07296137339055794 0.04326923076923077 0.11051502145922747
13 0.4182692307692308 0.09871244635193133 0.04326923076923077 0.0944206008583691
31 0.3701923076923077 0.08583690987124463 0.047475961538461536 0.10193133047210301
98 0.4519230769230769 0.30042918454935624 0.057692307692307696 0.1888412017167382
98 0.5120192307692307 0.3261802575107296 0.043870192307692304 0.10300429184549356
16 0.5961538461538461 0.1459227467811159 0.04326923076923077 0.0944206008583691
77 0.5384615384615384 0.14163090128755365 0.047475961538461536 0.11158798283261803
96 0.4831730769230769 0.14163090128755365 0.07151442307692307 0.11158798283261803
56 0.65625 0.08583690987124463 0.061899038461538464 0.11158798283261803
16 0.7019230769230769 0.07296137339055794 0.04326923076923077 0.11051502145922747
35 0.5600961538461539 0.08583690987124463 0.05228365384615385 0.08583690987124463
35 0.6081730769230769 0.0815450643776824 0.04326923076923077 0.08583690987124463