80 0.4567307692307692 0.1888412017167382 0.04326923076923077 0.13841201716738197
110 0.3173076923076923 0.1459227467811159 0.04326923076923077 0.13841201716738197
21 0.37740384615384615 0.09012875536480687 0.034254807692307696 0.09549356223175966
49 0.3293269230769231 0.08583690987124463 0.034254807692307696 0.06866952789699571
161 0.4567307692307692 0.33476394849785407 0.08173076923076923 0.11909871244635194
106 0.5192307692307693 0.296137339055794 0.04807692307692308 0.1298283261802575
111 0.5769230769230769 0.296137339055794 0.047475961538461536 0.14699570815450644
85 0.5649038461538461 0.05150214592274678 0.04266826923076923 0.08583690987124463
45 0.7091346153846154 0.08583690987124463 0.034254807692307696 0.08583690987124463
82 0.6586538461538461 0.13304721030042918 0.0390625 0.14484978540772533
82 0.6610576923076923 0.03862660944206009 0.04266826923076923 0.04184549356223176
80 0.6105769230769231 0.0944206008583691 0.02403846153846154 0.10193133047210301
111 0.5192307692307693 0.09012875536480687 0.038461538461538464 0.09334763948497854
21 0.5673076923076923 0.08583690987124463 0.038461538461538464 0.08476394849785408
107 0.4879807692307692 0.15450643776824036 0.04326923076923077 0.10407725321888411
85 0.5721153846153846 0.1759656652360515 0.0390625 0.07832618025751073
20 0.46875 0.06866952789699571 0.02403846153846154 0.05150214592274678