99 0.31009615384615385 0.38197424892703863 0.07692307692307693 0.21351931330472104
164 0.59375 0.33476394849785407 0.125 0.2317596566523605
38 0.34134615384615385 0.6652360515021459 0.0673076923076923 0.18025751072961374
43 0.7355769230769231 0.6051502145922747 0.09555288461538461 0.26502145922746784
106 0.47596153846153844 0.3562231759656652 0.0625 0.13733905579399142
111 0.4735576923076923 0.4892703862660944 0.07151442307692307 0.15343347639484978
99 0.21394230769230768 0.6437768240343348 0.09134615384615384 0.25643776824034337
38 0.27403846153846156 0.6652360515021459 0.0625 0.1984978540772532
42 0.2932692307692308 0.5793991416309013 0.04807692307692308 0.07832618025751073
72 0.46875 0.6866952789699571 0.15384615384615385 0.25643776824034337
72 0.5889423076923077 0.7081545064377682 0.12920673076923078 0.2478540772532189
5 0.65625 0.6781115879828327 0.07271634615384616 0.18991416309012876
179 0.34134615384615385 0.5150214592274678 0.06670673076923077 0.0944206008583691