41 0.31009615384615385 0.1282051282051282 0.04807692307692308 0.172008547008547
83 0.4495192307692308 0.29914529914529914 0.07271634615384616 0.1623931623931624
117 0.5120192307692307 0.3162393162393162 0.07692307692307693 0.13675213675213677
62 0.3245192307692308 0.05555555555555555 0.04807692307692308 0.11004273504273504
2 0.37259615384615385 0.0811965811965812 0.04266826923076923 0.14636752136752137
57 0.41586538461538464 0.09401709401709402 0.038461538461538464 0.1014957264957265
15 0.4807692307692308 0.15384615384615385 0.0390625 0.1014957264957265
107 0.5072115384615384 0.20085470085470086 0.04807692307692308 0.10256410256410256
86 0.6514423076923077 0.13247863247863248 0.05228365384615385 0.15384615384615385
4 0.5985576923076923 0.08974358974358974 0.04807692307692308 0.09401709401709402
83 0.5504807692307693 0.08974358974358974 0.0625 0.09508547008547008
56 0.5096153846153846 0.08974358974358974 0.05829326923076923 0.09294871794871795