30 0.3269230769230769 0.07725321888412018 0.04807692307692308 0.0944206008583691
7 0.3701923076923077 0.0815450643776824 0.038461538461538464 0.09334763948497854
91 0.42788461538461536 0.11587982832618025 0.052884615384615384 0.1298283261802575
98 0.5072115384615384 0.18025751072961374 0.04326923076923077 0.13841201716738197
32 0.5384615384615384 0.2532188841201717 0.048677884615384616 0.12875536480686695
33 0.6466346153846154 0.15021459227467812 0.04807692307692308 0.09549356223175966
43 0.4206730769230769 0.21030042918454936 0.052884615384615384 0.13733905579399142
18 0.65625 0.2575107296137339 0.04326923076923077 0.1459227467811159
1 0.4639423076923077 0.08583690987124463 0.034254807692307696 0.08583690987124463
33 0.5120192307692307 0.08583690987124463 0.04266826923076923 0.08690987124463519
32 0.5552884615384616 0.09012875536480687 0.038461538461538464 0.0944206008583691
30 0.6033653846153846 0.08583690987124463 0.04266826923076923 0.08583690987124463
35 0.6490384615384616 0.06866952789699571 0.038461538461538464 0.06866952789699571
7 0.6947115384615384 0.08583690987124463 0.038461538461538464 0.08690987124463519
1 0.5360576923076923 0.1459227467811159 0.034254807692307696 0.08690987124463519