99 0.2932692307692308 0.36909871244635195 0.07752403846153846 0.2145922746781116
164 0.5841346153846154 0.3218884120171674 0.12980769230769232 0.24034334763948498
38 0.3245192307692308 0.6652360515021459 0.0673076923076923 0.1813304721030043
43 0.7331730769230769 0.6008583690987125 0.10036057692307693 0.27360515021459225
106 0.46153846153846156 0.33905579399141633 0.06670673076923077 0.14484978540772533
111 0.46153846153846156 0.48068669527896996 0.07211538461538461 0.1555793991416309
99 0.19230769230769232 0.6394849785407726 0.09615384615384616 0.26502145922746784
38 0.2548076923076923 0.6609442060085837 0.0625 0.20708154506437768
42 0.27403846153846156 0.575107296137339 0.048677884615384616 0.08583690987124463
72 0.4567307692307692 0.6824034334763949 0.15865384615384615 0.26502145922746784
72 0.5793269230769231 0.703862660944206 0.12980769230769232 0.25643776824034337
5 0.6490384615384616 0.6738197424892703 0.07692307692307693 0.1984978540772532
179 0.3245192307692308 0.5064377682403434 0.0673076923076923 0.10193133047210301