67 0.21153846153846154 0.6909871244635193 0.05709134615384615 0.12875536480686695
67 0.3004807692307692 0.5708154506437768 0.052884615384615384 0.14699570815450644
18 0.28125 0.703862660944206 0.05228365384615385 0.12017167381974249
3 0.34375 0.6952789699570815 0.057692307692307696 0.10300429184549356
48 0.41346153846153844 0.7253218884120172 0.048677884615384616 0.08583690987124463
31 0.4807692307692308 0.703862660944206 0.05829326923076923 0.11158798283261803
31 0.37740384615384615 0.592274678111588 0.061899038461538464 0.10407725321888411
36 0.31971153846153844 0.4206008583690987 0.05348557692307692 0.07725321888412018
80 0.38461538461538464 0.41201716738197425 0.0625 0.15450643776824036
93 0.5144230769230769 0.40772532188841204 0.0625 0.1963519313304721
95 0.6442307692307693 0.45064377682403434 0.0673076923076923 0.1459227467811159
53 0.7259615384615384 0.5793991416309013 0.047475961538461536 0.10300429184549356