120 0.31009615384615385 0.07296137339055794 0.043870192307692304 0.11266094420600858
59 0.3581730769230769 0.08583690987124463 0.04266826923076923 0.0944206008583691
161 0.49759615384615385 0.3090128755364807 0.09615384615384616 0.15450643776824036
45 0.6201923076923077 0.30472103004291845 0.04326923076923077 0.11158798283261803
111 0.6634615384615384 0.1888412017167382 0.038461538461538464 0.12017167381974249
145 0.5216346153846154 0.15450643776824036 0.04326923076923077 0.12017167381974249
45 0.5456730769230769 0.08583690987124463 0.038461538461538464 0.08476394849785408
82 0.5793269230769231 0.13733905579399142 0.038461538461538464 0.13733905579399142
110 0.6346153846153846 0.14163090128755365 0.03786057692307692 0.12875536480686695
82 0.6850961538461539 0.07725321888412018 0.034254807692307696 0.10300429184549356
111 0.6346153846153846 0.07296137339055794 0.03365384615384615 0.09334763948497854