38 0.6081730769230769 0.47639484978540775 0.07151442307692307 0.18025751072961374
78 0.6442307692307693 0.6008583690987125 0.047475961538461536 0.15450643776824036
26 0.5288461538461539 0.7339055793991416 0.0859375 0.12875536480686695
58 0.2091346153846154 0.6995708154506438 0.07151442307692307 0.1276824034334764
41 0.4110576923076923 0.6866952789699571 0.08173076923076923 0.13841201716738197
56 0.33653846153846156 0.7124463519313304 0.06790865384615384 0.15450643776824036
96 0.3004807692307692 0.592274678111588 0.1201923076923077 0.13733905579399142
98 0.5336538461538461 0.51931330472103 0.047475961538461536 0.13733905579399142
51 0.5745192307692307 0.6008583690987125 0.043870192307692304 0.12875536480686695
77 0.7139423076923077 0.575107296137339 0.04807692307692308 0.17274678111587982
179 0.6754807692307693 0.51931330472103 0.05348557692307692 0.10300429184549356