80 0.4230769230769231 0.18454935622317598 0.04326923076923077 0.14484978540772533
110 0.2860576923076923 0.13733905579399142 0.04326923076923077 0.13841201716738197
21 0.34375 0.08583690987124463 0.034254807692307696 0.10193133047210301
49 0.2980769230769231 0.0815450643776824 0.03786057692307692 0.06866952789699571
161 0.4230769230769231 0.3261802575107296 0.08173076923076923 0.11909871244635194
106 0.4879807692307692 0.2875536480686695 0.04807692307692308 0.1298283261802575
111 0.5456730769230769 0.2918454935622318 0.043870192307692304 0.15343347639484978
85 0.5336538461538461 0.04291845493562232 0.04326923076923077 0.08583690987124463
45 0.6754807692307693 0.0815450643776824 0.034254807692307696 0.08583690987124463
82 0.6274038461538461 0.12446351931330472 0.04266826923076923 0.14484978540772533
82 0.6274038461538461 0.034334763948497854 0.04266826923076923 0.03540772532188841
80 0.5793269230769231 0.08583690987124463 0.02403846153846154 0.10193133047210301
111 0.4879807692307692 0.08583690987124463 0.038461538461538464 0.08690987124463519
21 0.5360576923076923 0.07725321888412018 0.038461538461538464 0.08476394849785408
107 0.4567307692307692 0.15021459227467812 0.04326923076923077 0.11051502145922747
85 0.5408653846153846 0.17167381974248927 0.04266826923076923 0.08476394849785408
20 0.4375 0.06437768240343347 0.02403846153846154 0.05150214592274678