94 0.59375 0.5812274368231047 0.12079326923076923 0.16696750902527077
91 0.35336538461538464 0.5740072202166066 0.09615384615384616 0.12274368231046931
94 0.5024038461538461 0.5812274368231047 0.11117788461538461 0.1651624548736462
61 0.25721153846153844 0.5812274368231047 0.057692307692307696 0.12274368231046931
25 0.30288461538461536 0.5126353790613718 0.047475961538461536 0.10198555956678701
93 0.37740384615384615 0.49458483754512633 0.0811298076923077 0.1444043321299639
96 0.4519230769230769 0.49458483754512633 0.057692307692307696 0.1444043321299639
33 0.5384615384615384 0.7111913357400722 0.0673076923076923 0.12274368231046931
1 0.4567307692307692 0.6967509025270758 0.04807692307692308 0.10108303249097472
32 0.3798076923076923 0.6895306859205776 0.0673076923076923 0.12364620938628158
1 0.30528846153846156 0.703971119133574 0.043870192307692304 0.12184115523465704
30 0.23798076923076922 0.7003610108303249 0.0673076923076923 0.1164259927797834
25 0.15384615384615385 0.7003610108303249 0.05709134615384615 0.11462093862815885