120 0.3173076923076923 0.06437768240343347 0.04807692307692308 0.12017167381974249
59 0.36538461538461536 0.07296137339055794 0.0390625 0.0944206008583691
161 0.5096153846153846 0.30042918454935624 0.0967548076923077 0.1555793991416309
45 0.6346153846153846 0.30042918454935624 0.04326923076923077 0.11909871244635194
111 0.6778846153846154 0.18025751072961374 0.038461538461538464 0.12124463519313304
145 0.53125 0.1459227467811159 0.04326923076923077 0.12124463519313304
45 0.5576923076923077 0.07296137339055794 0.0390625 0.07832618025751073
82 0.59375 0.12446351931330472 0.038461538461538464 0.13733905579399142
110 0.6466346153846154 0.13304721030042918 0.038461538461538464 0.12875536480686695
82 0.6995192307692307 0.06437768240343347 0.034254807692307696 0.11051502145922747
111 0.6490384615384616 0.06437768240343347 0.03365384615384615 0.0944206008583691