140 0.44471153846153844 0.296137339055794 0.043870192307692304 0.15450643776824036
88 0.5480769230769231 0.0944206008583691 0.047475961538461536 0.0944206008583691
27 0.5 0.09012875536480687 0.047475961538461536 0.09334763948497854
116 0.6009615384615384 0.0944206008583691 0.028846153846153848 0.10193133047210301
55 0.6418269230769231 0.09012875536480687 0.03365384615384615 0.09549356223175966
89 0.38221153846153844 0.3218884120171674 0.05348557692307692 0.11158798283261803
88 0.5024038461538461 0.30472103004291845 0.057692307692307696 0.1459227467811159
95 0.5600961538461539 0.33476394849785407 0.057692307692307696 0.13733905579399142
29 0.6274038461538461 0.3090128755364807 0.057692307692307696 0.1555793991416309
116 0.6850961538461539 0.30472103004291845 0.043870192307692304 0.14699570815450644
28 0.36778846153846156 0.0944206008583691 0.043870192307692304 0.0944206008583691
52 0.4110576923076923 0.09871244635193133 0.04326923076923077 0.0944206008583691
52 0.4519230769230769 0.0944206008583691 0.038461538461538464 0.10193133047210301