8 0.31971153846153844 0.07725321888412018 0.04326923076923077 0.10407725321888411
13 0.4110576923076923 0.09871244635193133 0.04266826923076923 0.0944206008583691
31 0.36538461538461536 0.09012875536480687 0.047475961538461536 0.09549356223175966
98 0.44471153846153844 0.296137339055794 0.057692307692307696 0.1813304721030043
98 0.5024038461538461 0.3218884120171674 0.04326923076923077 0.09549356223175966
16 0.5865384615384616 0.1459227467811159 0.04326923076923077 0.0944206008583691
77 0.5288461538461539 0.14163090128755365 0.047475961538461536 0.11158798283261803
96 0.47596153846153844 0.14163090128755365 0.0673076923076923 0.11158798283261803
56 0.6418269230769231 0.09012875536480687 0.057692307692307696 0.11051502145922747
16 0.6899038461538461 0.07725321888412018 0.04326923076923077 0.10300429184549356
35 0.5504807692307693 0.08583690987124463 0.04807692307692308 0.08583690987124463
35 0.5985576923076923 0.08583690987124463 0.04326923076923077 0.08583690987124463