41 0.2932692307692308 0.12875536480686695 0.04807692307692308 0.17274678111587982
83 0.43509615384615385 0.30042918454935624 0.07271634615384616 0.1630901287553648
117 0.49759615384615385 0.31759656652360513 0.07692307692307693 0.13733905579399142
62 0.3076923076923077 0.055793991416309016 0.04807692307692308 0.11051502145922747
2 0.3557692307692308 0.07725321888412018 0.0390625 0.15343347639484978
57 0.4014423076923077 0.09012875536480687 0.04266826923076923 0.09549356223175966
15 0.46634615384615385 0.15450643776824036 0.0390625 0.10193133047210301
107 0.49278846153846156 0.2017167381974249 0.04807692307692308 0.10300429184549356
86 0.6370192307692307 0.13304721030042918 0.05228365384615385 0.15450643776824036
4 0.5841346153846154 0.09012875536480687 0.04807692307692308 0.0944206008583691
83 0.5336538461538461 0.09012875536480687 0.0625 0.09549356223175966
56 0.49278846153846156 0.09012875536480687 0.061899038461538464 0.0944206008583691