29 0.3485576923076923 0.2888086642599278 0.061899038461538464 0.14350180505415164
92 0.5673076923076923 0.30324909747292417 0.05709134615384615 0.1299638989169675
114 0.6586538461538461 0.12274368231046931 0.048677884615384616 0.11552346570397112
116 0.28846153846153844 0.16967509025270758 0.048677884615384616 0.1371841155234657
55 0.3293269230769231 0.07220216606498195 0.05228365384615385 0.09386281588447654
49 0.2764423076923077 0.07942238267148015 0.052884615384615384 0.10018050541516245
49 0.46153846153846156 0.1263537906137184 0.057692307692307696 0.10830324909747292
64 0.41586538461538464 0.2851985559566787 0.057692307692307696 0.1444043321299639
4 0.6033653846153846 0.07220216606498195 0.052884615384615384 0.09386281588447654
4 0.38221153846153844 0.07220216606498195 0.05348557692307692 0.10018050541516245
109 0.25961538461538464 0.1552346570397112 0.04807692307692308 0.08032490974729242