31 0.4182692307692308 0.3176895306859206 0.048677884615384616 0.10198555956678701
15 0.5240384615384616 0.1371841155234657 0.04807692307692308 0.12274368231046931
36 0.6538461538461539 0.1407942238267148 0.057692307692307696 0.09296028880866426
91 0.6346153846153846 0.2924187725631769 0.07632211538461539 0.12184115523465704
80 0.49759615384615385 0.2851985559566787 0.0673076923076923 0.16606498194945848
82 0.2548076923076923 0.1299638989169675 0.05709134615384615 0.14530685920577618
33 0.3293269230769231 0.08303249097472924 0.0625 0.10740072202166065
56 0.6586538461538461 0.08303249097472924 0.0625 0.10740072202166065
78 0.2692307692307692 0.3176895306859206 0.057692307692307696 0.14350180505415164
30 0.3870192307692308 0.07942238267148015 0.05228365384615385 0.09386281588447654
18 0.4951923076923077 0.09025270758122744 0.04326923076923077 0.10108303249097472
4 0.5480769230769231 0.08303249097472924 0.048677884615384616 0.09386281588447654
45 0.6033653846153846 0.08303249097472924 0.052884615384615384 0.08664259927797834
36 0.7091346153846154 0.06859205776173286 0.03365384615384615 0.06588447653429604
50 0.27403846153846156 0.06859205776173286 0.04326923076923077 0.09386281588447654
43 0.43509615384615385 0.06498194945848375 0.04326923076923077 0.07942238267148015