120 0.31009615384615385 0.07692307692307693 0.043870192307692304 0.11965811965811966
59 0.3581730769230769 0.08974358974358974 0.04266826923076923 0.09401709401709402
161 0.49759615384615385 0.31196581196581197 0.09615384615384616 0.16132478632478633
45 0.6225961538461539 0.3076923076923077 0.04326923076923077 0.1111111111111111
111 0.6658653846153846 0.19230769230769232 0.038461538461538464 0.11965811965811966
145 0.5216346153846154 0.1581196581196581 0.04326923076923077 0.11965811965811966
45 0.5456730769230769 0.08974358974358974 0.038461538461538464 0.07799145299145299
82 0.5817307692307693 0.14102564102564102 0.038461538461538464 0.13675213675213677
110 0.6346153846153846 0.1452991452991453 0.03786057692307692 0.1282051282051282
82 0.6850961538461539 0.0811965811965812 0.034254807692307696 0.10256410256410256
111 0.6370192307692307 0.07692307692307693 0.03365384615384615 0.08653846153846154