44 0.6538461538461539 0.2532188841201717 0.08653846153846154 0.12875536480686695
65 0.5384615384615384 0.24034334763948498 0.0625 0.17274678111587982
155 0.47596153846153844 0.26180257510729615 0.057692307692307696 0.17167381974248927
177 0.36538461538461536 0.07296137339055794 0.0390625 0.14484978540772533
74 0.4182692307692308 0.14163090128755365 0.04807692307692308 0.13733905579399142
14 0.53125 0.11587982832618025 0.034254807692307696 0.06866952789699571
18 0.5528846153846154 0.0944206008583691 0.03786057692307692 0.10193133047210301
6 0.5985576923076923 0.09012875536480687 0.038461538461538464 0.09334763948497854
28 0.6442307692307693 0.09012875536480687 0.03786057692307692 0.07832618025751073
3 0.6177884615384616 0.1759656652360515 0.033052884615384616 0.08583690987124463
65 0.4639423076923077 0.0944206008583691 0.05348557692307692 0.0944206008583691