25 0.6346153846153846 0.14163090128755365 0.03786057692307692 0.1276824034334764
57 0.3605769230769231 0.14163090128755365 0.04326923076923077 0.11158798283261803
57 0.3125 0.08583690987124463 0.04326923076923077 0.10300429184549356
117 0.4423076923076923 0.1888412017167382 0.06670673076923077 0.15450643776824036
83 0.49759615384615385 0.1888412017167382 0.061899038461538464 0.15450643776824036
36 0.59375 0.09012875536480687 0.052884615384615384 0.10300429184549356
117 0.5456730769230769 0.09012875536480687 0.07211538461538461 0.09549356223175966
36 0.6850961538461539 0.060085836909871244 0.034254807692307696 0.0944206008583691
22 0.6370192307692307 0.07296137339055794 0.04807692307692308 0.07832618025751073
51 0.4543269230769231 0.07725321888412018 0.03365384615384615 0.06866952789699571
16 0.49759615384615385 0.08583690987124463 0.019230769230769232 0.07725321888412018