29 0.35096153846153844 0.2888086642599278 0.05829326923076923 0.14350180505415164
92 0.5673076923076923 0.30324909747292417 0.05709134615384615 0.1299638989169675
114 0.6586538461538461 0.1263537906137184 0.048677884615384616 0.11552346570397112
116 0.2932692307692308 0.17328519855595667 0.048677884615384616 0.1371841155234657
55 0.3317307692307692 0.07581227436823104 0.048677884615384616 0.09386281588447654
49 0.27884615384615385 0.08303249097472924 0.052884615384615384 0.09476534296028881
49 0.4639423076923077 0.1299638989169675 0.057692307692307696 0.10830324909747292
64 0.4182692307692308 0.2851985559566787 0.057692307692307696 0.13808664259927797
4 0.6033653846153846 0.07581227436823104 0.052884615384615384 0.09386281588447654
4 0.38461538461538464 0.07581227436823104 0.05709134615384615 0.09476534296028881
109 0.2620192307692308 0.1588447653429603 0.04807692307692308 0.07942238267148015