168 0.27163461538461536 0.15162454873646208 0.0625 0.1588447653429603
106 0.7283653846153846 0.08303249097472924 0.061899038461538464 0.12364620938628158
142 0.33413461538461536 0.1407942238267148 0.052884615384615384 0.15252707581227437
101 0.3557692307692308 0.33212996389891697 0.10516826923076923 0.1444043321299639
111 0.6418269230769231 0.3176895306859206 0.0625 0.12906137184115524
45 0.6706730769230769 0.09025270758122744 0.043870192307692304 0.08664259927797834
106 0.5072115384615384 0.3140794223826715 0.06310096153846154 0.13808664259927797
24 0.3942307692307692 0.10830324909747292 0.04807692307692308 0.10108303249097472
101 0.4519230769230769 0.10108303249097472 0.10096153846153846 0.11462093862815885
50 0.28365384615384615 0.08303249097472924 0.047475961538461536 0.10740072202166065
45 0.6129807692307693 0.09386281588447654 0.04326923076923077 0.09386281588447654
85 0.6610576923076923 0.16967509025270758 0.05228365384615385 0.12274368231046931