93 0.4182692307692308 0.2924187725631769 0.07211538461538461 0.18772563176895307
114 0.27163461538461536 0.1407942238267148 0.052884615384615384 0.11552346570397112
3 0.40865384615384615 0.1444043321299639 0.047475961538461536 0.08754512635379061
95 0.5024038461538461 0.21660649819494585 0.05348557692307692 0.1299638989169675
80 0.5697115384615384 0.18772563176895307 0.05228365384615385 0.1444043321299639
97 0.6370192307692307 0.17328519855595667 0.061899038461538464 0.12274368231046931
67 0.6658653846153846 0.13357400722021662 0.05228365384615385 0.12364620938628158
14 0.3389423076923077 0.08664259927797834 0.04807692307692308 0.10198555956678701
31 0.5048076923076923 0.08303249097472924 0.047475961538461536 0.07942238267148015
48 0.4543269230769231 0.10469314079422383 0.043870192307692304 0.06588447653429604
14 0.39903846153846156 0.08664259927797834 0.047475961538461536 0.08574007220216606
18 0.6153846153846154 0.08303249097472924 0.047475961538461536 0.07851985559566788
180 0.2932692307692308 0.10108303249097472 0.0390625 0.05685920577617329