161 0.5024038461538461 0.3204633204633205 0.10096153846153846 0.14575289575289574
45 0.6394230769230769 0.3088803088803089 0.04807692307692308 0.11583011583011583
111 0.6899038461538461 0.19305019305019305 0.043870192307692304 0.12355212355212356
145 0.53125 0.16216216216216217 0.04807692307692308 0.138996138996139
82 0.5961538461538461 0.13513513513513514 0.048677884615384616 0.14575289575289574
110 0.65625 0.14285714285714285 0.04326923076923077 0.13223938223938225
120 0.2932692307692308 0.08494208494208494 0.048677884615384616 0.12258687258687259
59 0.3485576923076923 0.09266409266409266 0.043870192307692304 0.10038610038610038
45 0.5552884615384616 0.0888030888030888 0.043870192307692304 0.08494208494208494
82 0.7139423076923077 0.07335907335907337 0.04326923076923077 0.09942084942084942
111 0.65625 0.0694980694980695 0.043870192307692304 0.10810810810810811