94 0.5841346153846154 0.5848375451263538 0.125 0.17328519855595667
91 0.3389423076923077 0.5812274368231047 0.10036057692307693 0.12364620938628158
94 0.49038461538461536 0.5848375451263538 0.11538461538461539 0.15974729241877256
61 0.2403846153846154 0.5884476534296029 0.05829326923076923 0.12364620938628158
25 0.28846153846153844 0.516245487364621 0.04807692307692308 0.10740072202166065
93 0.3629807692307692 0.4981949458483754 0.0811298076923077 0.14530685920577618
96 0.43990384615384615 0.4981949458483754 0.061899038461538464 0.1444043321299639
33 0.5264423076923077 0.7220216606498195 0.07151442307692307 0.12274368231046931
1 0.4423076923076923 0.703971119133574 0.04807692307692308 0.10740072202166065
32 0.36778846153846156 0.6967509025270758 0.07151442307692307 0.12364620938628158
1 0.29086538461538464 0.7111913357400722 0.04807692307692308 0.12274368231046931
30 0.22115384615384615 0.7075812274368231 0.06790865384615384 0.1164259927797834
25 0.13701923076923078 0.7111913357400722 0.057692307692307696 0.1092057761732852