174 0.25961538461538464 0.3590733590733591 0.048677884615384616 0.1611969111969112
140 0.3317307692307692 0.3590733590733591 0.048677884615384616 0.1920849420849421
88 0.4110576923076923 0.3745173745173745 0.07211538461538461 0.16312741312741313
113 0.4807692307692308 0.38223938223938225 0.057692307692307696 0.12355212355212356
95 0.5504807692307693 0.39768339768339767 0.061899038461538464 0.13127413127413126
111 0.5120192307692307 0.16602316602316602 0.052884615384615384 0.1303088803088803
106 0.5144230769230769 0.28185328185328185 0.05709134615384615 0.10810810810810811
164 0.6081730769230769 0.22007722007722008 0.07271634615384616 0.17857142857142858
99 0.6826923076923077 0.22007722007722008 0.0673076923076923 0.138996138996139
89 0.6177884615384616 0.3783783783783784 0.043870192307692304 0.138996138996139
29 0.6899038461538461 0.3667953667953668 0.05348557692307692 0.138996138996139
3 0.7524038461538461 0.5945945945945946 0.06310096153846154 0.12355212355212356
113 0.2091346153846154 0.722007722007722 0.07692307692307693 0.12355212355212356
88 0.41346153846153844 0.6911196911196911 0.07692307692307693 0.15444015444015444
27 0.4855769230769231 0.7027027027027027 0.0625 0.12258687258687259
27 0.5576923076923077 0.7142857142857143 0.07632211538461539 0.13127413127413126
28 0.6899038461538461 0.7027027027027027 0.06310096153846154 0.12451737451737452
28 0.7644230769230769 0.7027027027027027 0.0625 0.13127413127413126
41 0.30528846153846156 0.0694980694980695 0.061899038461538464 0.12355212355212356
43 0.35336538461538464 0.05019305019305019 0.04266826923076923 0.09942084942084942
99 0.7307692307692307 0.0694980694980695 0.06670673076923077 0.13803088803088803
38 0.6730769230769231 0.06563706563706563 0.05709134615384615 0.1303088803088803
38 0.6201923076923077 0.08494208494208494 0.04326923076923077 0.07818532818532818
12 0.4230769230769231 0.09652509652509653 0.1063701923076923 0.10038610038610038
12 0.5288461538461539 0.07335907335907337 0.09615384615384616 0.05501930501930502
42 0.6682692307692307 0.1274131274131274 0.04326923076923077 0.04633204633204633