41 0.6634615384615384 0.6695278969957081 0.0625 0.1555793991416309
72 0.5264423076923077 0.6952789699570815 0.13040865384615385 0.24141630901287553
164 0.6057692307692307 0.33476394849785407 0.14362980769230768 0.22317596566523606
106 0.4807692307692308 0.34763948497854075 0.0673076923076923 0.1459227467811159
111 0.47596153846153844 0.48497854077253216 0.06670673076923077 0.14699570815450644
99 0.31490384615384615 0.36909871244635195 0.08173076923076923 0.22424892703862662
99 0.21153846153846154 0.6394849785407726 0.08173076923076923 0.24034334763948498
38 0.2764423076923077 0.6566523605150214 0.057692307692307696 0.21351931330472104
38 0.34375 0.6566523605150214 0.06310096153846154 0.1984978540772532
42 0.2932692307692308 0.5708154506437768 0.04326923076923077 0.07618025751072961
65 0.6081730769230769 0.6566523605150214 0.08173076923076923 0.1813304721030043
5 0.7307692307692307 0.6652360515021459 0.07752403846153846 0.16201716738197425