34 0.5480769230769231 0.10683760683760683 0.038461538461538464 0.09401709401709402
29 0.6274038461538461 0.3076923076923077 0.05348557692307692 0.15384615384615385
88 0.5048076923076923 0.3034188034188034 0.05829326923076923 0.13675213675213677
113 0.6322115384615384 0.09401709401709402 0.052884615384615384 0.12072649572649573
19 0.36538461538461536 0.08547008547008547 0.04326923076923077 0.10256410256410256
19 0.31971153846153844 0.08974358974358974 0.04266826923076923 0.1111111111111111
79 0.4375 0.3076923076923077 0.05829326923076923 0.13568376068376067
95 0.5600961538461539 0.32905982905982906 0.052884615384615384 0.1282051282051282
52 0.5913461538461539 0.10256410256410256 0.04807692307692308 0.11858974358974358
34 0.6826923076923077 0.1111111111111111 0.048677884615384616 0.11858974358974358
116 0.6850961538461539 0.3034188034188034 0.052884615384615384 0.14423076923076922