72 0.5048076923076923 0.44871794871794873 0.11057692307692307 0.19764957264957264
159 0.31490384615384615 0.37606837606837606 0.09134615384615384 0.24786324786324787
164 0.6923076923076923 0.3974358974358974 0.13401442307692307 0.23931623931623933
41 0.7283653846153846 0.6709401709401709 0.08653846153846154 0.13675213675213677
41 0.6538461538461539 0.6666666666666666 0.0673076923076923 0.1452991452991453
47 0.59375 0.6752136752136753 0.0907451923076923 0.1891025641025641
38 0.28125 0.6495726495726496 0.07151442307692307 0.19658119658119658
38 0.34615384615384615 0.6538461538461539 0.06670673076923077 0.19764957264957264
106 0.5745192307692307 0.4230769230769231 0.057692307692307696 0.16132478632478633
179 0.4423076923076923 0.44017094017094016 0.05709134615384615 0.09508547008547008
42 0.2956730769230769 0.5598290598290598 0.043870192307692304 0.09401709401709402