43 0.7596153846153846 0.5879828326180258 0.13942307692307693 0.26609442060085836
38 0.28365384615384615 0.6652360515021459 0.057692307692307696 0.17167381974248927
38 0.34615384615384615 0.6609442060085837 0.052884615384615384 0.18776824034334763
99 0.41346153846153844 0.6566523605150214 0.07752403846153846 0.19742489270386265
72 0.5456730769230769 0.6866952789699571 0.14423076923076922 0.24892703862660945
72 0.6081730769230769 0.7081545064377682 0.10997596153846154 0.2145922746781116
5 0.6682692307692307 0.6652360515021459 0.07632211538461539 0.16416309012875535
164 0.41346153846153844 0.4721030042918455 0.10096153846153846 0.17274678111587982
111 0.27884615384615385 0.48068669527896996 0.0625 0.1555793991416309
99 0.31971153846153844 0.37339055793991416 0.07211538461538461 0.22317596566523606
106 0.36778846153846156 0.37339055793991416 0.024639423076923076 0.0611587982832618