161 0.4879807692307692 0.305019305019305 0.1015625 0.14575289575289574
45 0.625 0.2972972972972973 0.04807692307692308 0.11583011583011583
111 0.6778846153846154 0.17374517374517376 0.04807692307692308 0.12355212355212356
145 0.5168269230769231 0.14671814671814673 0.04807692307692308 0.138996138996139
82 0.5841346153846154 0.11969111969111969 0.05228365384615385 0.14575289575289574
110 0.6442307692307693 0.1274131274131274 0.047475961538461536 0.13223938223938225
120 0.2764423076923077 0.06563706563706563 0.05228365384615385 0.1167953667953668
59 0.3317307692307692 0.07722007722007722 0.04807692307692308 0.10038610038610038
45 0.5432692307692307 0.0694980694980695 0.047475961538461536 0.0916988416988417
82 0.7019230769230769 0.05791505791505792 0.04326923076923077 0.09942084942084942
111 0.6442307692307693 0.05405405405405406 0.04807692307692308 0.10714285714285714