124 0.5745192307692307 0.592274678111588 0.057692307692307696 0.0944206008583691
53 0.7115384615384616 0.5965665236051502 0.04807692307692308 0.11051502145922747
95 0.6298076923076923 0.4678111587982833 0.05829326923076923 0.14484978540772533
93 0.5048076923076923 0.41630901287553645 0.05709134615384615 0.1888412017167382
80 0.3701923076923077 0.43776824034334766 0.05709134615384615 0.17167381974248927
67 0.2932692307692308 0.575107296137339 0.052884615384615384 0.13841201716738197
31 0.3605769230769231 0.6094420600858369 0.04807692307692308 0.12017167381974249
12 0.4423076923076923 0.33047210300429186 0.07632211538461539 0.13733905579399142
54 0.44471153846153844 0.19742489270386265 0.04326923076923077 0.10300429184549356
73 0.5 0.18454935622317598 0.052884615384615384 0.11158798283261803
116 0.5288461538461539 0.13304721030042918 0.048677884615384616 0.13733905579399142
84 0.6682692307692307 0.30472103004291845 0.047475961538461536 0.11266094420600858
14 0.5048076923076923 0.30042918454935624 0.048677884615384616 0.10407725321888411
67 0.22115384615384615 0.6909871244635193 0.048677884615384616 0.1276824034334764
18 0.2860576923076923 0.7081545064377682 0.0625 0.09549356223175966
48 0.40625 0.7124463519313304 0.04266826923076923 0.10300429184549356
31 0.46153846153846156 0.721030042918455 0.047475961538461536 0.12875536480686695
51 0.6802884615384616 0.0944206008583691 0.04326923076923077 0.0944206008583691
48 0.6346153846153846 0.09012875536480687 0.0390625 0.0611587982832618
3 0.6370192307692307 0.14163090128755365 0.038461538461538464 0.06866952789699571