67 0.18509615384615385 0.6824034334763949 0.05348557692307692 0.1298283261802575
67 0.27403846153846156 0.5579399141630901 0.052884615384615384 0.15343347639484978
18 0.2548076923076923 0.6952789699570815 0.048677884615384616 0.12017167381974249
3 0.3173076923076923 0.6866952789699571 0.057692307692307696 0.10300429184549356
48 0.3894230769230769 0.7167381974248928 0.048677884615384616 0.08583690987124463
31 0.4567307692307692 0.6909871244635193 0.0625 0.11158798283261803
31 0.35096153846153844 0.5793991416309013 0.05829326923076923 0.11051502145922747
36 0.2932692307692308 0.40772532188841204 0.05709134615384615 0.07832618025751073
80 0.3605769230769231 0.4034334763948498 0.0625 0.1555793991416309
93 0.4879807692307692 0.3948497854077253 0.0625 0.18991416309012876
95 0.6201923076923077 0.44206008583690987 0.0673076923076923 0.1459227467811159
53 0.7043269230769231 0.5708154506437768 0.043870192307692304 0.10300429184549356