67 0.4735576923076923 0.15021459227467812 0.04266826923076923 0.11158798283261803
16 0.3629807692307692 0.08583690987124463 0.038461538461538464 0.10407725321888411
36 0.6370192307692307 0.1459227467811159 0.04326923076923077 0.12017167381974249
6 0.5625 0.3218884120171674 0.0390625 0.10300429184549356
98 0.5024038461538461 0.2918454935622318 0.057692307692307696 0.18025751072961374
22 0.31971153846153844 0.08583690987124463 0.04266826923076923 0.11158798283261803
55 0.41586538461538464 0.08583690987124463 0.043870192307692304 0.08690987124463519
35 0.5817307692307693 0.15450643776824036 0.052884615384615384 0.10193133047210301
16 0.5288461538461539 0.15021459227467812 0.0390625 0.09549356223175966
30 0.6418269230769231 0.07725321888412018 0.043870192307692304 0.08690987124463519
8 0.5961538461538461 0.09012875536480687 0.038461538461538464 0.07832618025751073
33 0.4567307692307692 0.11158798283261803 0.047475961538461536 0.12124463519313304
13 0.5024038461538461 0.09871244635193133 0.038461538461538464 0.0944206008583691
4 0.5480769230769231 0.0944206008583691 0.047475961538461536 0.08690987124463519
35 0.6826923076923077 0.08583690987124463 0.028846153846153848 0.08583690987124463