38 0.625 0.463519313304721 0.07211538461538461 0.18025751072961374
78 0.6610576923076923 0.5879828326180258 0.043870192307692304 0.15450643776824036
26 0.5456730769230769 0.721030042918455 0.08233173076923077 0.12875536480686695
58 0.22115384615384615 0.6866952789699571 0.06790865384615384 0.12124463519313304
41 0.4254807692307692 0.6738197424892703 0.08233173076923077 0.1459227467811159
56 0.35096153846153844 0.6995708154506438 0.07211538461538461 0.15450643776824036
96 0.31490384615384615 0.575107296137339 0.1201923076923077 0.13733905579399142
98 0.5504807692307693 0.5021459227467812 0.043870192307692304 0.13733905579399142
51 0.5913461538461539 0.5836909871244635 0.047475961538461536 0.13626609442060086
77 0.7307692307692307 0.5579399141630901 0.04807692307692308 0.18025751072961374
179 0.6923076923076923 0.5064377682403434 0.057692307692307696 0.10300429184549356