116 0.7019230769230769 0.3038461538461538 0.048677884615384616 0.14615384615384616
29 0.625 0.29615384615384616 0.052884615384615384 0.13076923076923078
140 0.4206730769230769 0.3038461538461538 0.05228365384615385 0.16153846153846155
89 0.3557692307692308 0.31153846153846154 0.05829326923076923 0.1
88 0.49278846153846156 0.3038461538461538 0.0625 0.1605769230769231
95 0.5600961538461539 0.3346153846153846 0.061899038461538464 0.13076923076923078
28 0.28125 0.08461538461538462 0.04807692307692308 0.07596153846153846
113 0.33413461538461536 0.08076923076923077 0.057692307692307696 0.12307692307692308
55 0.6490384615384616 0.08076923076923077 0.0390625 0.07692307692307693
55 0.7043269230769231 0.08076923076923077 0.043870192307692304 0.08461538461538462
27 0.49038461538461536 0.08846153846153847 0.048677884615384616 0.09903846153846153
88 0.5528846153846154 0.08461538461538462 0.05829326923076923 0.09230769230769231
113 0.40865384615384615 0.09230769230769231 0.07211538461538461 0.1
116 0.5985576923076923 0.08461538461538462 0.034254807692307696 0.09134615384615384