72 0.5096153846153846 0.44635193133047213 0.11538461538461539 0.20708154506437768
159 0.3125 0.3648068669527897 0.09555288461538461 0.2575107296137339
164 0.7019230769230769 0.3905579399141631 0.13521634615384615 0.24892703862660945
41 0.7403846153846154 0.6738197424892703 0.08713942307692307 0.14484978540772533
41 0.6658653846153846 0.6738197424892703 0.07151442307692307 0.14699570815450644
47 0.6009615384615384 0.6824034334763949 0.09134615384615384 0.1984978540772532
38 0.2764423076923077 0.6523605150214592 0.07211538461538461 0.20600858369098712
38 0.34375 0.6566523605150214 0.0673076923076923 0.20600858369098712
106 0.5793269230769231 0.41630901287553645 0.061899038461538464 0.1630901287553648
179 0.44471153846153844 0.4334763948497854 0.057692307692307696 0.10300429184549356
42 0.2932692307692308 0.5622317596566524 0.04807692307692308 0.09549356223175966