118 0.3245192307692308 0.1888412017167382 0.05348557692307692 0.1555793991416309
9 0.38461538461538464 0.19313304721030042 0.04326923076923077 0.1298283261802575
117 0.4423076923076923 0.1888412017167382 0.06790865384615384 0.15343347639484978
83 0.5048076923076923 0.18025751072961374 0.0625 0.1555793991416309
41 0.3605769230769231 0.12446351931330472 0.052884615384615384 0.13733905579399142
76 0.6947115384615384 0.06866952789699571 0.04266826923076923 0.12124463519313304
9 0.6466346153846154 0.07725321888412018 0.038461538461538464 0.11158798283261803
57 0.6009615384615384 0.0815450643776824 0.047475961538461536 0.0944206008583691
107 0.5552884615384616 0.08583690987124463 0.05228365384615385 0.10193133047210301
118 0.4110576923076923 0.0815450643776824 0.034254807692307696 0.08583690987124463
36 0.4519230769230769 0.07296137339055794 0.0390625 0.07832618025751073
117 0.5072115384615384 0.07296137339055794 0.07271634615384616 0.07725321888412018