80 0.43990384615384615 0.19313304721030042 0.04326923076923077 0.14484978540772533
110 0.30528846153846156 0.1459227467811159 0.04266826923076923 0.13733905579399142
21 0.3629807692307692 0.0944206008583691 0.034254807692307696 0.0944206008583691
49 0.3173076923076923 0.09012875536480687 0.03365384615384615 0.06866952789699571
161 0.43990384615384615 0.33047210300429186 0.0811298076923077 0.11266094420600858
106 0.5024038461538461 0.296137339055794 0.043870192307692304 0.1298283261802575
111 0.5576923076923077 0.296137339055794 0.047475961538461536 0.1459227467811159
85 0.5456730769230769 0.055793991416309016 0.04266826923076923 0.08583690987124463
45 0.6850961538461539 0.09012875536480687 0.034254807692307696 0.07832618025751073
82 0.6370192307692307 0.13304721030042918 0.038461538461538464 0.13733905579399142
82 0.6394230769230769 0.04721030042918455 0.038461538461538464 0.04184549356223176
80 0.5913461538461539 0.09871244635193133 0.02403846153846154 0.0944206008583691
111 0.5024038461538461 0.0944206008583691 0.034254807692307696 0.08690987124463519
21 0.5480769230769231 0.09012875536480687 0.038461538461538464 0.07832618025751073
107 0.47115384615384615 0.15879828326180256 0.0390625 0.10300429184549356
85 0.5528846153846154 0.18025751072961374 0.038461538461538464 0.08476394849785408
20 0.4543269230769231 0.07725321888412018 0.0234375 0.05150214592274678