118 0.3173076923076923 0.1759656652360515 0.052884615384615384 0.15450643776824036
9 0.37740384615384615 0.18025751072961374 0.04326923076923077 0.13626609442060086
117 0.43509615384615385 0.1759656652360515 0.0673076923076923 0.14699570815450644
83 0.49759615384615385 0.17167381974248927 0.061899038461538464 0.1555793991416309
41 0.35336538461538464 0.11158798283261803 0.052884615384615384 0.13626609442060086
76 0.6826923076923077 0.060085836909871244 0.0390625 0.11909871244635194
9 0.6346153846153846 0.06437768240343347 0.038461538461538464 0.11051502145922747
57 0.5889423076923077 0.07296137339055794 0.043870192307692304 0.09334763948497854
107 0.5456730769230769 0.07725321888412018 0.04807692307692308 0.0944206008583691
118 0.40384615384615385 0.06866952789699571 0.03786057692307692 0.08583690987124463
36 0.44471153846153844 0.06437768240343347 0.04266826923076923 0.07832618025751073
117 0.49759615384615385 0.06437768240343347 0.07271634615384616 0.07618025751072961