25 0.5144230769230769 0.18454935622317598 0.04807692307692308 0.1276824034334764
32 0.4495192307692308 0.3090128755364807 0.052884615384615384 0.15343347639484978
10 0.3605769230769231 0.07725321888412018 0.038461538461538464 0.11158798283261803
1 0.3173076923076923 0.060085836909871244 0.04326923076923077 0.11909871244635194
30 0.41586538461538464 0.06866952789699571 0.0625 0.10193133047210301
94 0.6514423076923077 0.14163090128755365 0.07692307692307693 0.14699570815450644
51 0.5841346153846154 0.30042918454935624 0.05348557692307692 0.12017167381974249
95 0.5144230769230769 0.3261802575107296 0.057692307692307696 0.13626609442060086
31 0.5504807692307693 0.07725321888412018 0.033052884615384616 0.0944206008583691
96 0.5961538461538461 0.06866952789699571 0.052884615384615384 0.10193133047210301
35 0.5048076923076923 0.07296137339055794 0.047475961538461536 0.09549356223175966
4 0.6923076923076923 0.07296137339055794 0.05829326923076923 0.09549356223175966
4 0.6370192307692307 0.06437768240343347 0.05348557692307692 0.10300429184549356