34 0.5504807692307693 0.09871244635193133 0.038461538461538464 0.0944206008583691
29 0.6298076923076923 0.30042918454935624 0.05709134615384615 0.15450643776824036
88 0.5048076923076923 0.296137339055794 0.05829326923076923 0.14484978540772533
113 0.6346153846153846 0.08583690987124463 0.052884615384615384 0.12124463519313304
19 0.36538461538461536 0.07725321888412018 0.04326923076923077 0.10300429184549356
19 0.31971153846153844 0.0815450643776824 0.04266826923076923 0.11266094420600858
79 0.4375 0.30042918454935624 0.05829326923076923 0.13626609442060086
95 0.5625 0.3261802575107296 0.052884615384615384 0.12875536480686695
52 0.59375 0.0944206008583691 0.04807692307692308 0.11909871244635194
34 0.6875 0.10300429184549356 0.048677884615384616 0.12017167381974249
116 0.6899038461538461 0.296137339055794 0.052884615384615384 0.1459227467811159