116 0.7043269230769231 0.3038461538461538 0.04807692307692308 0.13846153846153847
29 0.6322115384615384 0.29615384615384616 0.05228365384615385 0.12307692307692308
140 0.43509615384615385 0.3038461538461538 0.04807692307692308 0.15384615384615385
89 0.37259615384615385 0.31153846153846154 0.057692307692307696 0.09903846153846153
88 0.5048076923076923 0.3038461538461538 0.057692307692307696 0.14711538461538462
95 0.5697115384615384 0.33076923076923076 0.057692307692307696 0.12403846153846154
28 0.3004807692307692 0.09230769230769231 0.043870192307692304 0.07596153846153846
113 0.35336538461538464 0.08846153846153847 0.05348557692307692 0.11538461538461539
55 0.6538461538461539 0.08846153846153847 0.038461538461538464 0.07019230769230769
55 0.7067307692307693 0.08846153846153847 0.047475961538461536 0.08365384615384615
27 0.5024038461538461 0.09615384615384616 0.04807692307692308 0.08557692307692308
88 0.5625 0.09230769230769231 0.057692307692307696 0.09134615384615384
113 0.4230769230769231 0.1 0.0673076923076923 0.09326923076923077
116 0.6057692307692307 0.09230769230769231 0.03365384615384615 0.08461538461538462