99 0.31490384615384615 0.38197424892703863 0.07692307692307693 0.21351931330472104
164 0.5985576923076923 0.33476394849785407 0.125 0.2317596566523605
38 0.3485576923076923 0.6652360515021459 0.06310096153846154 0.1791845493562232
43 0.7403846153846154 0.6051502145922747 0.09555288461538461 0.26502145922746784
106 0.4807692307692308 0.3562231759656652 0.0625 0.13733905579399142
111 0.47836538461538464 0.4892703862660944 0.07151442307692307 0.15343347639484978
99 0.22115384615384615 0.6437768240343348 0.09134615384615384 0.25643776824034337
38 0.28125 0.6609442060085837 0.061899038461538464 0.20493562231759657
42 0.2980769230769231 0.5793991416309013 0.04807692307692308 0.07832618025751073
72 0.4735576923076923 0.6866952789699571 0.14963942307692307 0.25643776824034337
72 0.5913461538461539 0.703862660944206 0.125 0.24141630901287553
5 0.6586538461538461 0.6781115879828327 0.07632211538461539 0.18991416309012876
179 0.34615384615384615 0.5150214592274678 0.06670673076923077 0.0944206008583691