153 0.3269230769230769 0.27413127413127414 0.07632211538461539 0.20752895752895753
95 0.4519230769230769 0.3204633204633205 0.057692307692307696 0.11583011583011583
154 0.6129807692307693 0.11969111969111969 0.061899038461538464 0.16216216216216217
156 0.5264423076923077 0.17374517374517376 0.10096153846153846 0.17664092664092665
61 0.3629807692307692 0.11583011583011583 0.052884615384615384 0.13803088803088803
91 0.29086538461538464 0.06563706563706563 0.0625 0.1303088803088803
69 0.6754807692307693 0.11969111969111969 0.05348557692307692 0.14671814671814673
70 0.3485576923076923 0.06177606177606178 0.043870192307692304 0.11583011583011583
61 0.7139423076923077 0.06563706563706563 0.04326923076923077 0.11486486486486487
1 0.6586538461538461 0.0694980694980695 0.038461538461538464 0.0916988416988417
70 0.5360576923076923 0.2702702702702703 0.0907451923076923 0.12258687258687259