30 0.3293269230769231 0.06866952789699571 0.04807692307692308 0.10193133047210301
7 0.375 0.07296137339055794 0.0390625 0.09334763948497854
91 0.43509615384615385 0.1072961373390558 0.05348557692307692 0.1298283261802575
98 0.5144230769230769 0.17167381974248927 0.047475961538461536 0.13841201716738197
32 0.5456730769230769 0.2446351931330472 0.05228365384615385 0.1298283261802575
33 0.65625 0.14163090128755365 0.04807692307692308 0.09549356223175966
43 0.4254807692307692 0.2017167381974249 0.05348557692307692 0.13733905579399142
18 0.6658653846153846 0.24892703862660945 0.04326923076923077 0.1459227467811159
1 0.47115384615384615 0.07296137339055794 0.03786057692307692 0.09334763948497854
33 0.5168269230769231 0.07296137339055794 0.04266826923076923 0.09334763948497854
32 0.5625 0.07725321888412018 0.038461538461538464 0.0944206008583691
30 0.6105769230769231 0.07296137339055794 0.0390625 0.09334763948497854
35 0.6586538461538461 0.055793991416309016 0.0390625 0.06866952789699571
7 0.7043269230769231 0.07725321888412018 0.038461538461538464 0.0944206008583691
1 0.5432692307692307 0.13304721030042918 0.038461538461538464 0.09334763948497854