168 0.2860576923076923 0.1263537906137184 0.061899038461538464 0.15252707581227437
106 0.7379807692307693 0.061371841155234655 0.057692307692307696 0.12184115523465704
142 0.3485576923076923 0.11552346570397112 0.052884615384615384 0.15162454873646208
101 0.3701923076923077 0.30324909747292417 0.10516826923076923 0.1444043321299639
111 0.6538461538461539 0.2924187725631769 0.0625 0.12364620938628158
45 0.6826923076923077 0.06498194945848375 0.047475961538461536 0.08664259927797834
106 0.5192307692307693 0.2888086642599278 0.0625 0.14350180505415164
24 0.40625 0.08303249097472924 0.04807692307692308 0.10108303249097472
101 0.4639423076923077 0.07581227436823104 0.10096153846153846 0.1092057761732852
50 0.2980769230769231 0.05776173285198556 0.047475961538461536 0.10198555956678701
45 0.6274038461538461 0.06859205776173286 0.04326923076923077 0.09296028880866426
85 0.6730769230769231 0.148014440433213 0.048677884615384616 0.12184115523465704