140 0.4423076923076923 0.296137339055794 0.047475961538461536 0.15450643776824036
88 0.5480769230769231 0.09012875536480687 0.047475961538461536 0.0944206008583691
27 0.49759615384615385 0.09012875536480687 0.043870192307692304 0.08583690987124463
116 0.5985576923076923 0.0944206008583691 0.028846153846153848 0.10193133047210301
55 0.6394230769230769 0.09012875536480687 0.03365384615384615 0.09549356223175966
89 0.3798076923076923 0.3218884120171674 0.05709134615384615 0.11051502145922747
88 0.5 0.30042918454935624 0.057692307692307696 0.1459227467811159
95 0.5576923076923077 0.33047210300429186 0.05709134615384615 0.13733905579399142
29 0.625 0.30472103004291845 0.057692307692307696 0.16201716738197425
116 0.6826923076923077 0.30472103004291845 0.047475961538461536 0.14699570815450644
28 0.36538461538461536 0.0944206008583691 0.047475961538461536 0.0944206008583691
52 0.4110576923076923 0.09871244635193133 0.04326923076923077 0.0944206008583691
52 0.4495192307692308 0.0944206008583691 0.038461538461538464 0.10193133047210301