140 0.4543269230769231 0.2918454935622318 0.04807692307692308 0.1555793991416309
88 0.5600961538461539 0.0815450643776824 0.043870192307692304 0.09549356223175966
27 0.5096153846153846 0.0815450643776824 0.047475961538461536 0.09334763948497854
116 0.6129807692307693 0.08583690987124463 0.028846153846153848 0.10193133047210301
55 0.6538461538461539 0.0815450643776824 0.03365384615384615 0.09549356223175966
89 0.3894230769230769 0.31759656652360513 0.057692307692307696 0.11158798283261803
88 0.5120192307692307 0.296137339055794 0.061899038461538464 0.14699570815450644
95 0.5721153846153846 0.3261802575107296 0.057692307692307696 0.13841201716738197
29 0.6394230769230769 0.30042918454935624 0.057692307692307696 0.1630901287553648
116 0.6995192307692307 0.30042918454935624 0.043870192307692304 0.15450643776824036
28 0.375 0.08583690987124463 0.047475961538461536 0.10193133047210301
52 0.4206730769230769 0.09012875536480687 0.043870192307692304 0.09549356223175966
52 0.46153846153846156 0.08583690987124463 0.038461538461538464 0.10193133047210301