114 0.2980769230769231 0.5769230769230769 0.052884615384615384 0.1623931623931624
109 0.37259615384615385 0.5982905982905983 0.057692307692307696 0.1111111111111111
135 0.4423076923076923 0.5683760683760684 0.06670673076923077 0.16346153846153846
75 0.5072115384615384 0.5726495726495726 0.061899038461538464 0.1527777777777778
73 0.6033653846153846 0.3717948717948718 0.057692307692307696 0.12713675213675213
112 0.6658653846153846 0.37606837606837606 0.04807692307692308 0.15384615384615385
133 0.4639423076923077 0.38461538461538464 0.1388221153846154 0.1794871794871795
117 0.5168269230769231 0.2905982905982906 0.06310096153846154 0.11965811965811966
90 0.47596153846153844 0.21367521367521367 0.038461538461538464 0.12072649572649573
115 0.5384615384615384 0.21794871794871795 0.047475961538461536 0.15384615384615385
69 0.4230769230769231 0.14102564102564102 0.047475961538461536 0.1623931623931624
118 0.47836538461538464 0.12393162393162394 0.04326923076923077 0.1282051282051282
84 0.3557692307692308 0.38461538461538464 0.06670673076923077 0.13568376068376067
103 0.21153846153846154 0.7222222222222222 0.0673076923076923 0.13675213675213677
42 0.28365384615384615 0.7350427350427351 0.0673076923076923 0.12072649572649573
18 0.5697115384615384 0.19230769230769232 0.038461538461538464 0.09508547008547008
97 0.5096153846153846 0.18376068376068377 0.04326923076923077 0.07692307692307693
92 0.4495192307692308 0.20512820512820512 0.04266826923076923 0.1111111111111111