174 0.2403846153846154 0.35135135135135137 0.048677884615384616 0.1611969111969112
140 0.3125 0.3474903474903475 0.048677884615384616 0.18629343629343628
88 0.3918269230769231 0.3667953667953668 0.07211538461538461 0.16312741312741313
113 0.46153846153846156 0.3745173745173745 0.05709134615384615 0.12355212355212356
95 0.5288461538461539 0.38996138996138996 0.05829326923076923 0.13127413127413126
111 0.49278846153846156 0.1583011583011583 0.052884615384615384 0.1303088803088803
106 0.4951923076923077 0.27413127413127414 0.05709134615384615 0.10810810810810811
164 0.5865384615384616 0.21621621621621623 0.07632211538461539 0.1776061776061776
99 0.6634615384615384 0.21235521235521235 0.0673076923076923 0.138996138996139
89 0.5961538461538461 0.37065637065637064 0.047475961538461536 0.13803088803088803
29 0.6682692307692307 0.3590733590733591 0.05709134615384615 0.13223938223938225
3 0.7307692307692307 0.583011583011583 0.06670673076923077 0.12355212355212356
113 0.19230769230769232 0.7104247104247104 0.07692307692307693 0.12355212355212356
88 0.3942307692307692 0.6795366795366795 0.07692307692307693 0.15444015444015444
27 0.46634615384615385 0.694980694980695 0.0625 0.12258687258687259
27 0.5384615384615384 0.7027027027027027 0.07632211538461539 0.13127413127413126
28 0.6682692307692307 0.694980694980695 0.06670673076923077 0.12451737451737452
28 0.7427884615384616 0.694980694980695 0.0625 0.12451737451737452
41 0.2860576923076923 0.06177606177606178 0.061899038461538464 0.12355212355212356
43 0.33413461538461536 0.04633204633204633 0.04266826923076923 0.0916988416988417
99 0.7115384615384616 0.06563706563706563 0.06670673076923077 0.1303088803088803
38 0.6514423076923077 0.06177606177606178 0.05348557692307692 0.12258687258687259
38 0.5985576923076923 0.08108108108108109 0.04326923076923077 0.08397683397683398
12 0.40384615384615385 0.0888030888030888 0.10576923076923077 0.10038610038610038
12 0.5096153846153846 0.0694980694980695 0.09615384615384616 0.060810810810810814
42 0.6466346153846154 0.11969111969111969 0.04326923076923077 0.04633204633204633