168 0.2932692307692308 0.11552346570397112 0.0625 0.1588447653429603
106 0.7524038461538461 0.05415162454873646 0.061899038461538464 0.10830324909747292
142 0.3557692307692308 0.10469314079422383 0.052884615384615384 0.15252707581227437
101 0.37740384615384615 0.296028880866426 0.10576923076923077 0.1444043321299639
111 0.6658653846153846 0.2851985559566787 0.0625 0.12364620938628158
45 0.6947115384615384 0.05415162454873646 0.043870192307692304 0.08664259927797834
106 0.5288461538461539 0.2779783393501805 0.06670673076923077 0.13808664259927797
24 0.41586538461538464 0.07220216606498195 0.04807692307692308 0.10198555956678701
101 0.4735576923076923 0.06498194945848375 0.1015625 0.11552346570397112
50 0.30288461538461536 0.05054151624548736 0.047475961538461536 0.10018050541516245
45 0.6370192307692307 0.05776173285198556 0.04326923076923077 0.09386281588447654
85 0.6850961538461539 0.13357400722021662 0.052884615384615384 0.12274368231046931