161 0.4951923076923077 0.30115830115830117 0.10096153846153846 0.138996138996139
45 0.6298076923076923 0.29343629343629346 0.04807692307692308 0.11583011583011583
111 0.6802884615384616 0.17374517374517376 0.043870192307692304 0.1167953667953668
145 0.5240384615384616 0.14671814671814673 0.04807692307692308 0.138996138996139
82 0.5889423076923077 0.11969111969111969 0.05228365384615385 0.14575289575289574
110 0.6466346153846154 0.1274131274131274 0.04326923076923077 0.13223938223938225
120 0.2860576923076923 0.06563706563706563 0.05228365384615385 0.1167953667953668
59 0.34134615384615385 0.07722007722007722 0.047475961538461536 0.09362934362934362
45 0.5480769230769231 0.07335907335907337 0.047475961538461536 0.08494208494208494
82 0.7043269230769231 0.05791505791505792 0.04326923076923077 0.09942084942084942
111 0.6490384615384616 0.05405405405405406 0.047475961538461536 0.10714285714285714