31 0.31971153846153844 0.08974358974358974 0.04326923076923077 0.09401709401709402
30 0.4182692307692308 0.08974358974358974 0.04326923076923077 0.09294871794871795
37 0.5072115384615384 0.08974358974358974 0.04266826923076923 0.09401709401709402
18 0.5600961538461539 0.2094017094017094 0.04266826923076923 0.1111111111111111
67 0.5865384615384616 0.1452991452991453 0.04807692307692308 0.11858974358974358
16 0.6442307692307693 0.0811965811965812 0.0390625 0.09508547008547008
37 0.6754807692307693 0.19230769230769232 0.038461538461538464 0.12713675213675213
64 0.6418269230769231 0.25213675213675213 0.06310096153846154 0.1282051282051282
27 0.59375 0.24786324786324787 0.043870192307692304 0.13568376068376067
77 0.6201923076923077 0.1623931623931624 0.04326923076923077 0.1452991452991453
53 0.6442307692307693 0.1452991452991453 0.0390625 0.13568376068376067
16 0.6923076923076923 0.07692307692307693 0.03786057692307692 0.08547008547008547