94 0.6225961538461539 0.13513513513513514 0.07151442307692307 0.12355212355212356
95 0.6875 0.15057915057915058 0.048677884615384616 0.1167953667953668
93 0.7259615384615384 0.06563706563706563 0.04807692307692308 0.1303088803088803
93 0.30528846153846156 0.12355212355212356 0.061899038461538464 0.15444015444015444
61 0.37259615384615385 0.11969111969111969 0.04807692307692308 0.15444015444015444
91 0.4639423076923077 0.17374517374517376 0.05228365384615385 0.13127413127413126
156 0.5288461538461539 0.1583011583011583 0.06670673076923077 0.14671814671814673
10 0.5336538461538461 0.3088803088803089 0.057692307692307696 0.15347490347490347
32 0.6706730769230769 0.05791505791505792 0.04326923076923077 0.10135135135135136
94 0.6225961538461539 0.05791505791505792 0.052884615384615384 0.06853281853281853
33 0.5673076923076923 0.0694980694980695 0.04807692307692308 0.07818532818532818
33 0.5168269230769231 0.06177606177606178 0.04326923076923077 0.06177606177606178
1 0.4639423076923077 0.0694980694980695 0.05228365384615385 0.09362934362934362
1 0.40865384615384615 0.0694980694980695 0.04326923076923077 0.0916988416988417
9 0.3557692307692308 0.05405405405405406 0.048677884615384616 0.10714285714285714
10 0.30288461538461536 0.05791505791505792 0.048677884615384616 0.06853281853281853