31 0.4206730769230769 0.3140794223826715 0.05228365384615385 0.10740072202166065
15 0.5240384615384616 0.1299638989169675 0.04807692307692308 0.12274368231046931
36 0.65625 0.1371841155234657 0.057692307692307696 0.08754512635379061
91 0.6370192307692307 0.2888086642599278 0.07271634615384616 0.1164259927797834
80 0.49759615384615385 0.2815884476534296 0.0673076923076923 0.16606498194945848
82 0.2548076923076923 0.12274368231046931 0.057692307692307696 0.14530685920577618
33 0.3293269230769231 0.07581227436823104 0.0625 0.10740072202166065
56 0.6610576923076923 0.07942238267148015 0.0625 0.10198555956678701
78 0.2692307692307692 0.3104693140794224 0.057692307692307696 0.14350180505415164
30 0.3870192307692308 0.07581227436823104 0.05228365384615385 0.09386281588447654
18 0.4951923076923077 0.08664259927797834 0.04326923076923077 0.10198555956678701
4 0.5480769230769231 0.07942238267148015 0.048677884615384616 0.09386281588447654
45 0.6033653846153846 0.07581227436823104 0.052884615384615384 0.08664259927797834
36 0.7115384615384616 0.061371841155234655 0.03365384615384615 0.06588447653429604
50 0.27403846153846156 0.06498194945848375 0.04326923076923077 0.09386281588447654
43 0.4375 0.05776173285198556 0.04326923076923077 0.07942238267148015