174 0.25961538461538464 0.3436293436293436 0.048677884615384616 0.1611969111969112
140 0.3317307692307692 0.3436293436293436 0.048677884615384616 0.1920849420849421
88 0.4110576923076923 0.3590733590733591 0.07211538461538461 0.16312741312741313
113 0.4831730769230769 0.3667953667953668 0.057692307692307696 0.12355212355212356
95 0.5504807692307693 0.3861003861003861 0.061899038461538464 0.13127413127413126
111 0.5144230769230769 0.15057915057915058 0.052884615384615384 0.1303088803088803
106 0.5168269230769231 0.26640926640926643 0.05348557692307692 0.10810810810810811
164 0.6081730769230769 0.2084942084942085 0.07271634615384616 0.18436293436293436
99 0.6850961538461539 0.20463320463320464 0.0673076923076923 0.138996138996139
89 0.6177884615384616 0.36293436293436293 0.043870192307692304 0.138996138996139
29 0.6923076923076923 0.35135135135135137 0.05709134615384615 0.138996138996139
3 0.7548076923076923 0.5791505791505791 0.06670673076923077 0.12355212355212356
113 0.21153846153846154 0.7065637065637066 0.07692307692307693 0.12355212355212356
88 0.41346153846153844 0.6756756756756757 0.07692307692307693 0.15444015444015444
27 0.4879807692307692 0.6872586872586872 0.0625 0.12258687258687259
27 0.5600961538461539 0.6988416988416989 0.07271634615384616 0.13127413127413126
28 0.6923076923076923 0.6872586872586872 0.06670673076923077 0.12451737451737452
28 0.7644230769230769 0.6872586872586872 0.0625 0.13127413127413126
41 0.30528846153846156 0.05791505791505792 0.061899038461538464 0.11583011583011583
43 0.3557692307692308 0.04247104247104247 0.0390625 0.08397683397683398
99 0.7331730769230769 0.06177606177606178 0.06310096153846154 0.12258687258687259
38 0.6730769230769231 0.05791505791505792 0.05709134615384615 0.11486486486486487
38 0.6201923076923077 0.07335907335907337 0.04326923076923077 0.08397683397683398
12 0.4230769230769231 0.08108108108108109 0.1063701923076923 0.10038610038610038
12 0.53125 0.06177606177606178 0.09615384615384616 0.060810810810810814
42 0.6706730769230769 0.11196911196911197 0.04326923076923077 0.04633204633204633