124 0.5745192307692307 0.5854700854700855 0.057692307692307696 0.09401709401709402
53 0.7115384615384616 0.594017094017094 0.04807692307692308 0.11004273504273504
95 0.6322115384615384 0.4658119658119658 0.061899038461538464 0.14423076923076922
93 0.5072115384615384 0.4188034188034188 0.05348557692307692 0.18803418803418803
80 0.37259615384615385 0.4358974358974359 0.05348557692307692 0.17094017094017094
67 0.2956730769230769 0.5726495726495726 0.052884615384615384 0.13675213675213677
31 0.3629807692307692 0.6068376068376068 0.04807692307692308 0.11965811965811966
12 0.44471153846153844 0.3333333333333333 0.07271634615384616 0.13675213675213677
54 0.44711538461538464 0.20085470085470086 0.04326923076923077 0.09508547008547008
73 0.5024038461538461 0.18803418803418803 0.052884615384615384 0.1111111111111111
116 0.53125 0.13675213675213677 0.05228365384615385 0.13568376068376067
84 0.6682692307692307 0.3034188034188034 0.047475961538461536 0.1111111111111111
14 0.5072115384615384 0.29914529914529914 0.05228365384615385 0.10363247863247864
67 0.22355769230769232 0.688034188034188 0.05228365384615385 0.12713675213675213
18 0.28846153846153844 0.7051282051282052 0.0625 0.09508547008547008
48 0.40865384615384615 0.7094017094017094 0.0390625 0.10256410256410256
31 0.46153846153846156 0.717948717948718 0.047475961538461536 0.1282051282051282
51 0.6802884615384616 0.09829059829059829 0.04326923076923077 0.09401709401709402
48 0.6346153846153846 0.09401709401709402 0.0390625 0.0673076923076923
3 0.6370192307692307 0.1452991452991453 0.038461538461538464 0.06837606837606838