44 0.65625 0.2575107296137339 0.08653846153846154 0.12875536480686695
65 0.5408653846153846 0.2446351931330472 0.0625 0.18025751072961374
155 0.47836538461538464 0.2703862660944206 0.057692307692307696 0.1791845493562232
177 0.36778846153846156 0.07296137339055794 0.04266826923076923 0.1459227467811159
74 0.4206730769230769 0.1459227467811159 0.04807692307692308 0.13841201716738197
14 0.5360576923076923 0.12017167381974249 0.034254807692307696 0.06974248927038626
18 0.5552884615384616 0.09871244635193133 0.034254807692307696 0.09549356223175966
6 0.6033653846153846 0.0944206008583691 0.038461538461538464 0.0944206008583691
28 0.6490384615384616 0.0944206008583691 0.03786057692307692 0.08476394849785408
3 0.6201923076923077 0.18025751072961374 0.029447115384615384 0.08583690987124463
65 0.46875 0.09871244635193133 0.05348557692307692 0.0944206008583691