47 0.30120481927710846 0.37906137184115524 0.10120481927710843 0.1588447653429603
158 0.3855421686746988 0.3574007220216607 0.04879518072289157 0.16696750902527077
75 0.5397590361445783 0.11191335740072202 0.06265060240963856 0.10740072202166065
109 0.6024096385542169 0.15162454873646208 0.058433734939759036 0.10198555956678701
74 0.5373493975903615 0.23465703971119134 0.05783132530120482 0.13628158844765342
84 0.6433734939759036 0.296028880866426 0.05240963855421687 0.11462093862815885
54 0.6144578313253012 0.36462093862815886 0.05240963855421687 0.13628158844765342
76 0.3301204819277108 0.5848375451263538 0.06325301204819277 0.14530685920577618
76 0.5807228915662651 0.5740072202166066 0.06204819277108434 0.15252707581227437
16 0.6819277108433734 0.6931407942238267 0.043373493975903614 0.10198555956678701
16 0.7566265060240964 0.6931407942238267 0.04819277108433735 0.10830324909747292
78 0.5373493975903615 0.37545126353790614 0.04397590361445783 0.1299638989169675
112 0.5734939759036145 0.296028880866426 0.04819277108433735 0.12906137184115524
73 0.5012048192771085 0.30685920577617326 0.04819277108433735 0.12274368231046931
138 0.46265060240963857 0.33935018050541516 0.04759036144578313 0.17328519855595667
72 0.41686746987951806 0.296028880866426 0.08132530120481928 0.10018050541516245
47 0.15180722891566265 0.7292418772563177 0.10602409638554217 0.157942238267148
114 0.6650602409638554 0.1263537906137184 0.04879518072289157 0.12364620938628158
74 0.7228915662650602 0.08303249097472924 0.04759036144578313 0.12274368231046931
14 0.6698795180722892 0.07581227436823104 0.0572289156626506 0.07851985559566788
54 0.2891566265060241 0.08303249097472924 0.04759036144578313 0.10830324909747292
54 0.3373493975903614 0.08303249097472924 0.0391566265060241 0.10108303249097472
12 0.39036144578313253 0.09747292418772563 0.06686746987951807 0.08664259927797834
12 0.45542168674698796 0.09747292418772563 0.06746987951807229 0.07851985559566788
42 0.5566265060240964 0.08303249097472924 0.03313253012048193 0.06407942238267147