67 0.2956730769230769 0.5879828326180258 0.04807692307692308 0.1459227467811159
97 0.3389423076923077 0.5064377682403434 0.04807692307692308 0.15343347639484978
31 0.36778846153846156 0.6180257510729614 0.04807692307692308 0.12017167381974249
80 0.40625 0.5107296137339056 0.05348557692307692 0.18025751072961374
95 0.4807692307692308 0.5536480686695279 0.0625 0.15450643776824036
3 0.5841346153846154 0.6051502145922747 0.05348557692307692 0.0944206008583691
114 0.7259615384615384 0.5965665236051502 0.048677884615384616 0.1276824034334764
93 0.5841346153846154 0.4291845493562232 0.057692307692307696 0.1888412017167382
117 0.5192307692307693 0.3090128755364807 0.07211538461538461 0.1630901287553648
9 0.42788461538461536 0.14163090128755365 0.047475961538461536 0.1298283261802575
92 0.4519230769230769 0.20600858369098712 0.04807692307692308 0.12124463519313304
118 0.4807692307692308 0.12875536480686695 0.047475961538461536 0.12875536480686695
97 0.5120192307692307 0.18025751072961374 0.04807692307692308 0.08690987124463519
67 0.22355769230769232 0.7167381974248928 0.04807692307692308 0.0944206008583691
18 0.28125 0.7296137339055794 0.038461538461538464 0.12017167381974249
18 0.34615384615384615 0.7339055793991416 0.03786057692307692 0.11266094420600858
31 0.4735576923076923 0.7081545064377682 0.04807692307692308 0.11158798283261803
48 0.5384615384615384 0.7381974248927039 0.052884615384615384 0.10300429184549356
14 0.6033653846153846 0.7296137339055794 0.052884615384615384 0.1459227467811159
14 0.6658653846153846 0.7296137339055794 0.04807692307692308 0.15343347639484978
48 0.7307692307692307 0.7381974248927039 0.05709134615384615 0.10407725321888411
29 0.3245192307692308 0.09012875536480687 0.034254807692307696 0.11051502145922747
29 0.3701923076923077 0.09012875536480687 0.04326923076923077 0.11051502145922747
54 0.5456730769230769 0.2317596566523605 0.043870192307692304 0.13841201716738197
78 0.5745192307692307 0.19313304721030042 0.05228365384615385 0.11051502145922747
120 0.5384615384615384 0.13733905579399142 0.0390625 0.10193133047210301
9 0.5096153846153846 0.0944206008583691 0.028245192307692308 0.08583690987124463
57 0.5576923076923077 0.09871244635193133 0.029447115384615384 0.07618025751072961
57 0.5985576923076923 0.10300429184549356 0.034254807692307696 0.08583690987124463