44 0.6418269230769231 0.25213675213675213 0.08233173076923077 0.1282051282051282
65 0.5288461538461539 0.23504273504273504 0.0625 0.17841880341880342
155 0.46634615384615385 0.2606837606837607 0.057692307692307696 0.17094017094017094
177 0.3557692307692308 0.07264957264957266 0.0390625 0.14423076923076922
74 0.40865384615384615 0.13675213675213677 0.04807692307692308 0.13675213675213677
14 0.5216346153846154 0.11538461538461539 0.034254807692307696 0.06837606837606838
18 0.5408653846153846 0.08974358974358974 0.03365384615384615 0.09508547008547008
6 0.5889423076923077 0.08974358974358974 0.038461538461538464 0.09294871794871795
28 0.6346153846153846 0.08974358974358974 0.03786057692307692 0.07692307692307693
3 0.6057692307692307 0.1752136752136752 0.029447115384615384 0.08547008547008547
65 0.4543269230769231 0.09401709401709402 0.05348557692307692 0.09401709401709402