124 0.5745192307692307 0.5879828326180258 0.061899038461538464 0.0944206008583691
53 0.7115384615384616 0.592274678111588 0.048677884615384616 0.10407725321888411
95 0.6322115384615384 0.463519313304721 0.0625 0.13841201716738197
93 0.5048076923076923 0.41201716738197425 0.05709134615384615 0.18991416309012876
80 0.36778846153846156 0.4291845493562232 0.057692307692307696 0.17167381974248927
67 0.29086538461538464 0.5708154506437768 0.052884615384615384 0.14484978540772533
31 0.3581730769230769 0.6051502145922747 0.04807692307692308 0.12017167381974249
12 0.4423076923076923 0.3261802575107296 0.07632211538461539 0.13841201716738197
54 0.44471153846153844 0.1888412017167382 0.04326923076923077 0.10300429184549356
73 0.5 0.1759656652360515 0.052884615384615384 0.11158798283261803
116 0.5288461538461539 0.12446351931330472 0.052884615384615384 0.13733905579399142
84 0.6706730769230769 0.296137339055794 0.043870192307692304 0.11266094420600858
14 0.5048076923076923 0.2918454935622318 0.048677884615384616 0.10407725321888411
67 0.21634615384615385 0.6866952789699571 0.048677884615384616 0.12875536480686695
18 0.28365384615384615 0.703862660944206 0.0625 0.10193133047210301
48 0.40384615384615385 0.7081545064377682 0.04326923076923077 0.11051502145922747
31 0.45913461538461536 0.7167381974248928 0.043870192307692304 0.12875536480686695
51 0.6826923076923077 0.08583690987124463 0.04326923076923077 0.10193133047210301
48 0.6346153846153846 0.0815450643776824 0.04326923076923077 0.06866952789699571
3 0.6370192307692307 0.13304721030042918 0.038461538461538464 0.06866952789699571