31 0.31971153846153844 0.09401709401709402 0.04266826923076923 0.09401709401709402
30 0.4182692307692308 0.09401709401709402 0.04326923076923077 0.08547008547008547
37 0.5072115384615384 0.09401709401709402 0.04266826923076923 0.08653846153846154
18 0.5600961538461539 0.21367521367521367 0.038461538461538464 0.10363247863247864
67 0.5841346153846154 0.14957264957264957 0.043870192307692304 0.11217948717948718
16 0.6418269230769231 0.08547008547008547 0.038461538461538464 0.1014957264957265
37 0.6730769230769231 0.19658119658119658 0.038461538461538464 0.12072649572649573
64 0.6370192307692307 0.2564102564102564 0.0625 0.1282051282051282
27 0.5889423076923077 0.25213675213675213 0.043870192307692304 0.12927350427350429
77 0.6153846153846154 0.16666666666666666 0.0390625 0.14423076923076922
53 0.6394230769230769 0.14957264957264957 0.038461538461538464 0.12927350427350429
16 0.6875 0.08547008547008547 0.03786057692307692 0.08547008547008547