30 0.3125 0.07296137339055794 0.04807692307692308 0.09549356223175966
7 0.3581730769230769 0.07296137339055794 0.04266826923076923 0.09334763948497854
91 0.41586538461538464 0.11158798283261803 0.05348557692307692 0.13626609442060086
98 0.49759615384615385 0.1759656652360515 0.043870192307692304 0.14484978540772533
32 0.5288461538461539 0.24892703862660945 0.048677884615384616 0.13626609442060086
33 0.6394230769230769 0.1459227467811159 0.04807692307692308 0.10193133047210301
43 0.40865384615384615 0.20600858369098712 0.05709134615384615 0.13733905579399142
18 0.6490384615384616 0.2532188841201717 0.04326923076923077 0.1459227467811159
1 0.4543269230769231 0.07725321888412018 0.034254807692307696 0.08690987124463519
33 0.5 0.07725321888412018 0.0390625 0.08690987124463519
32 0.5456730769230769 0.0815450643776824 0.038461538461538464 0.0944206008583691
30 0.59375 0.07725321888412018 0.04266826923076923 0.08690987124463519
35 0.6418269230769231 0.060085836909871244 0.04266826923076923 0.06866952789699571
7 0.6875 0.0815450643776824 0.038461538461538464 0.0944206008583691
1 0.5264423076923077 0.13733905579399142 0.038461538461538464 0.08690987124463519