41 0.6778846153846154 0.6738197424892703 0.06670673076923077 0.16201716738197425
72 0.5408653846153846 0.6995708154506438 0.13040865384615385 0.2478540772532189
164 0.6177884615384616 0.33476394849785407 0.14002403846153846 0.22424892703862662
106 0.4951923076923077 0.34763948497854075 0.06790865384615384 0.1459227467811159
111 0.4879807692307692 0.48497854077253216 0.06310096153846154 0.15450643776824036
99 0.3245192307692308 0.36909871244635195 0.08173076923076923 0.2317596566523605
99 0.22115384615384615 0.6394849785407726 0.0859375 0.2478540772532189
38 0.2860576923076923 0.6566523605150214 0.057692307692307696 0.2145922746781116
38 0.3557692307692308 0.6609442060085837 0.0673076923076923 0.20600858369098712
42 0.30288461538461536 0.575107296137339 0.04326923076923077 0.06974248927038626
65 0.6225961538461539 0.6609442060085837 0.08173076923076923 0.18776824034334763
5 0.7451923076923077 0.6695278969957081 0.07752403846153846 0.1555793991416309