93 0.4230769230769231 0.296028880866426 0.07632211538461539 0.18862815884476533
114 0.27403846153846156 0.1444043321299639 0.052884615384615384 0.1164259927797834
3 0.41346153846153844 0.1444043321299639 0.047475961538461536 0.09386281588447654
95 0.5096153846153846 0.22021660649819494 0.057692307692307696 0.13628158844765342
80 0.5793269230769231 0.19133574007220217 0.05228365384615385 0.15072202166064982
97 0.6466346153846154 0.17689530685920576 0.0625 0.12364620938628158
67 0.6778846153846154 0.13357400722021662 0.048677884615384616 0.1299638989169675
14 0.34134615384615385 0.09025270758122744 0.048677884615384616 0.10830324909747292
31 0.5120192307692307 0.08303249097472924 0.043870192307692304 0.08032490974729242
48 0.45913461538461536 0.10469314079422383 0.043870192307692304 0.06588447653429604
14 0.40384615384615385 0.08664259927797834 0.04807692307692308 0.08574007220216606
18 0.625 0.08303249097472924 0.04807692307692308 0.07942238267148015
180 0.2932692307692308 0.10469314079422383 0.04326923076923077 0.05144404332129964