94 0.59375 0.5884476534296029 0.125 0.17328519855595667
91 0.35096153846153844 0.5848375451263538 0.0967548076923077 0.12906137184115524
94 0.5024038461538461 0.5884476534296029 0.11117788461538461 0.1651624548736462
61 0.25240384615384615 0.592057761732852 0.061899038461538464 0.12906137184115524
25 0.3004807692307692 0.51985559566787 0.043870192307692304 0.10198555956678701
93 0.375 0.5018050541516246 0.07752403846153846 0.15072202166064982
96 0.4519230769230769 0.5018050541516246 0.057692307692307696 0.1444043321299639
33 0.5384615384615384 0.7256317689530686 0.06790865384615384 0.12274368231046931
1 0.4543269230769231 0.7075812274368231 0.04807692307692308 0.10198555956678701
32 0.37740384615384615 0.7003610108303249 0.07151442307692307 0.12906137184115524
1 0.30288461538461536 0.7148014440433214 0.04807692307692308 0.1164259927797834
30 0.23317307692307693 0.7111913357400722 0.07151442307692307 0.12184115523465704
25 0.14903846153846154 0.7148014440433214 0.057692307692307696 0.11462093862815885