153 0.3269230769230769 0.2846153846153846 0.07211538461538461 0.2
95 0.4495192307692308 0.33076923076923076 0.05348557692307692 0.11538461538461539
154 0.6081730769230769 0.1346153846153846 0.057692307692307696 0.1605769230769231
156 0.5216346153846154 0.18846153846153846 0.10036057692307693 0.16923076923076924
61 0.3629807692307692 0.13076923076923078 0.05228365384615385 0.13076923076923078
91 0.29086538461538464 0.07692307692307693 0.061899038461538464 0.13076923076923078
69 0.6682692307692307 0.1346153846153846 0.052884615384615384 0.14615384615384616
70 0.3485576923076923 0.08076923076923077 0.043870192307692304 0.11538461538461539
61 0.7067307692307693 0.08076923076923077 0.04326923076923077 0.1076923076923077
1 0.6514423076923077 0.08846153846153847 0.038461538461538464 0.08461538461538462
70 0.5336538461538461 0.28076923076923077 0.08653846153846154 0.11538461538461539