43 0.75 0.594017094017094 0.13942307692307693 0.26495726495726496
38 0.27884615384615385 0.6709401709401709 0.057692307692307696 0.17094017094017094
38 0.3389423076923077 0.6623931623931624 0.052884615384615384 0.18055555555555555
99 0.40865384615384615 0.6623931623931624 0.07752403846153846 0.19658119658119658
72 0.5384615384615384 0.6923076923076923 0.14423076923076922 0.24786324786324787
72 0.6009615384615384 0.7094017094017094 0.1063701923076923 0.21367521367521367
5 0.6610576923076923 0.6709401709401709 0.07271634615384616 0.16346153846153846
164 0.40865384615384615 0.47863247863247865 0.0967548076923077 0.172008547008547
111 0.27403846153846156 0.4829059829059829 0.0625 0.16132478632478633
99 0.31490384615384615 0.37606837606837606 0.07211538461538461 0.2222222222222222
106 0.3629807692307692 0.3803418803418803 0.024639423076923076 0.060897435897435896