93 0.43028846153846156 0.12017167381974249 0.043870192307692304 0.1630901287553648
10 0.31009615384615385 0.06866952789699571 0.05348557692307692 0.13626609442060086
61 0.375 0.1072961373390558 0.04326923076923077 0.14484978540772533
95 0.6610576923076923 0.15021459227467812 0.052884615384615384 0.1276824034334764
10 0.4879807692307692 0.24034334763948498 0.043870192307692304 0.15450643776824036
156 0.5216346153846154 0.1630901287553648 0.0673076923076923 0.17060085836909872
91 0.4879807692307692 0.1072961373390558 0.04326923076923077 0.11158798283261803
94 0.6009615384615384 0.13304721030042918 0.05709134615384615 0.13733905579399142
93 0.6923076923076923 0.06437768240343347 0.04807692307692308 0.12875536480686695
32 0.6466346153846154 0.055793991416309016 0.04807692307692308 0.11158798283261803
33 0.5048076923076923 0.060085836909871244 0.04807692307692308 0.08583690987124463
1 0.4567307692307692 0.060085836909871244 0.03786057692307692 0.08690987124463519
33 0.5552884615384616 0.06437768240343347 0.05228365384615385 0.09334763948497854
94 0.5961538461538461 0.06866952789699571 0.07692307692307693 0.10407725321888411