93 0.4230769230769231 0.30324909747292417 0.07632211538461539 0.18862815884476533
114 0.27403846153846156 0.148014440433213 0.052884615384615384 0.12184115523465704
3 0.41346153846153844 0.148014440433213 0.047475961538461536 0.09386281588447654
95 0.5096153846153846 0.22382671480144403 0.057692307692307696 0.13086642599277978
80 0.5793269230769231 0.19494584837545126 0.05228365384615385 0.14530685920577618
97 0.6466346153846154 0.18050541516245489 0.0625 0.12906137184115524
67 0.6778846153846154 0.1407942238267148 0.048677884615384616 0.1299638989169675
14 0.34134615384615385 0.09386281588447654 0.048677884615384616 0.10830324909747292
31 0.5120192307692307 0.08664259927797834 0.043870192307692304 0.08574007220216606
48 0.45913461538461536 0.10830324909747292 0.043870192307692304 0.07129963898916968
14 0.40384615384615385 0.09025270758122744 0.04807692307692308 0.08032490974729242
18 0.625 0.08664259927797834 0.04807692307692308 0.07942238267148015
180 0.2932692307692308 0.10830324909747292 0.04326923076923077 0.05685920577617329