67 0.47836538461538464 0.14957264957264957 0.04266826923076923 0.1111111111111111
16 0.36778846153846156 0.08547008547008547 0.038461538461538464 0.10363247863247864
36 0.6442307692307693 0.1452991452991453 0.04326923076923077 0.11965811965811966
6 0.5673076923076923 0.3247863247863248 0.0390625 0.10256410256410256
98 0.5096153846153846 0.2905982905982906 0.057692307692307696 0.1794871794871795
22 0.32211538461538464 0.08547008547008547 0.0390625 0.1111111111111111
55 0.4182692307692308 0.08547008547008547 0.04807692307692308 0.08653846153846154
35 0.5889423076923077 0.15384615384615385 0.052884615384615384 0.1014957264957265
16 0.5336538461538461 0.14957264957264957 0.0390625 0.09508547008547008
30 0.6466346153846154 0.07692307692307693 0.043870192307692304 0.08653846153846154
8 0.6009615384615384 0.08974358974358974 0.0390625 0.07799145299145299
33 0.46153846153846156 0.1111111111111111 0.047475961538461536 0.12072649572649573
13 0.5096153846153846 0.09829059829059829 0.0390625 0.09508547008547008
4 0.5528846153846154 0.09401709401709402 0.047475961538461536 0.09401709401709402
35 0.6899038461538461 0.08547008547008547 0.028846153846153848 0.08547008547008547