31 0.31490384615384615 0.0944206008583691 0.04326923076923077 0.0944206008583691
30 0.41346153846153844 0.0944206008583691 0.04326923076923077 0.08690987124463519
37 0.5024038461538461 0.0944206008583691 0.04266826923076923 0.0944206008583691
18 0.5552884615384616 0.2145922746781116 0.04266826923076923 0.11158798283261803
67 0.5817307692307693 0.15021459227467812 0.04807692307692308 0.11266094420600858
16 0.6394230769230769 0.08583690987124463 0.0390625 0.10193133047210301
37 0.6706730769230769 0.19742489270386265 0.038461538461538464 0.12124463519313304
64 0.6370192307692307 0.2575107296137339 0.06310096153846154 0.12875536480686695
27 0.5865384615384616 0.2532188841201717 0.047475961538461536 0.1298283261802575
77 0.6129807692307693 0.16738197424892703 0.04326923076923077 0.14484978540772533
53 0.6370192307692307 0.15021459227467812 0.038461538461538464 0.1298283261802575
16 0.6850961538461539 0.0815450643776824 0.034254807692307696 0.08583690987124463