8 0.3076923076923077 0.06866952789699571 0.04326923076923077 0.10407725321888411
13 0.4014423076923077 0.0944206008583691 0.04326923076923077 0.0944206008583691
31 0.35336538461538464 0.0815450643776824 0.043870192307692304 0.09549356223175966
98 0.43509615384615385 0.296137339055794 0.057692307692307696 0.1888412017167382
98 0.4951923076923077 0.3218884120171674 0.047475961538461536 0.09549356223175966
16 0.5793269230769231 0.14163090128755365 0.04326923076923077 0.0944206008583691
77 0.5216346153846154 0.13733905579399142 0.043870192307692304 0.11158798283261803
96 0.46634615384615385 0.13733905579399142 0.06790865384615384 0.11158798283261803
56 0.6370192307692307 0.0815450643776824 0.061899038461538464 0.11158798283261803
16 0.6850961538461539 0.06866952789699571 0.04326923076923077 0.10300429184549356
35 0.5408653846153846 0.0815450643776824 0.05228365384615385 0.08583690987124463
35 0.5913461538461539 0.0815450643776824 0.04326923076923077 0.08583690987124463