67 0.20673076923076922 0.6995708154506438 0.05709134615384615 0.12875536480686695
67 0.29086538461538464 0.5793991416309013 0.052884615384615384 0.1459227467811159
18 0.27163461538461536 0.7124463519313304 0.04807692307692308 0.11909871244635194
3 0.33413461538461536 0.703862660944206 0.05348557692307692 0.10193133047210301
48 0.40384615384615385 0.7339055793991416 0.048677884615384616 0.08583690987124463
31 0.47115384615384615 0.7124463519313304 0.05829326923076923 0.11158798283261803
31 0.36778846153846156 0.6008583690987125 0.057692307692307696 0.10300429184549356
36 0.31009615384615385 0.4334763948497854 0.05348557692307692 0.07725321888412018
80 0.375 0.4248927038626609 0.0625 0.15450643776824036
93 0.5024038461538461 0.4206008583690987 0.0625 0.1888412017167382
95 0.6298076923076923 0.463519313304721 0.06670673076923077 0.13841201716738197
53 0.7115384615384616 0.592274678111588 0.04326923076923077 0.10193133047210301