38 0.6105769230769231 0.4721030042918455 0.06790865384615384 0.17274678111587982
78 0.6466346153846154 0.5965665236051502 0.043870192307692304 0.15450643776824036
26 0.5336538461538461 0.7253218884120172 0.08173076923076923 0.1276824034334764
58 0.21394230769230768 0.6909871244635193 0.0673076923076923 0.1276824034334764
41 0.41586538461538464 0.6781115879828327 0.08173076923076923 0.13841201716738197
56 0.34375 0.703862660944206 0.07151442307692307 0.15343347639484978
96 0.3076923076923077 0.5836909871244635 0.11598557692307693 0.13626609442060086
98 0.5360576923076923 0.5150214592274678 0.043870192307692304 0.13626609442060086
51 0.5769230769230769 0.592274678111588 0.047475961538461536 0.12875536480686695
77 0.7163461538461539 0.5665236051502146 0.04807692307692308 0.17274678111587982
179 0.6778846153846154 0.5150214592274678 0.05709134615384615 0.10193133047210301