114 0.2956730769230769 0.5769230769230769 0.05228365384615385 0.1623931623931624
109 0.36778846153846156 0.5982905982905983 0.057692307692307696 0.10363247863247864
135 0.43509615384615385 0.5683760683760684 0.06310096153846154 0.1623931623931624
75 0.49759615384615385 0.5726495726495726 0.057692307692307696 0.1452991452991453
73 0.59375 0.37606837606837606 0.05348557692307692 0.11965811965811966
112 0.6538461538461539 0.3803418803418803 0.04807692307692308 0.14636752136752137
133 0.4567307692307692 0.3888888888888889 0.1346153846153846 0.17841880341880342
117 0.5072115384615384 0.2948717948717949 0.0625 0.11217948717948718
90 0.46875 0.2222222222222222 0.038461538461538464 0.12072649572649573
115 0.53125 0.2222222222222222 0.04326923076923077 0.1527777777777778
69 0.41586538461538464 0.14957264957264957 0.043870192307692304 0.16132478632478633
118 0.47115384615384615 0.13247863247863248 0.04326923076923077 0.12713675213675213
84 0.35096153846153844 0.3888888888888889 0.06670673076923077 0.1282051282051282
103 0.2091346153846154 0.717948717948718 0.0673076923076923 0.13568376068376067
42 0.28125 0.7307692307692307 0.06310096153846154 0.12713675213675213
18 0.5625 0.20085470085470086 0.03786057692307692 0.09401709401709402
97 0.5024038461538461 0.19230769230769232 0.04326923076923077 0.07692307692307693
92 0.4423076923076923 0.21367521367521367 0.038461538461538464 0.10363247863247864