93 0.43028846153846156 0.1452991452991453 0.04326923076923077 0.15384615384615385
10 0.31490384615384615 0.09401709401709402 0.052884615384615384 0.1282051282051282
61 0.37740384615384615 0.13247863247863248 0.04266826923076923 0.13675213675213677
95 0.6538461538461539 0.1752136752136752 0.048677884615384616 0.11965811965811966
10 0.4855769230769231 0.2606837606837607 0.04326923076923077 0.14636752136752137
156 0.5168269230769231 0.18803418803418803 0.06310096153846154 0.1623931623931624
91 0.4855769230769231 0.13247863247863248 0.0390625 0.11004273504273504
94 0.5961538461538461 0.1581196581196581 0.052884615384615384 0.12927350427350429
93 0.6826923076923077 0.07692307692307693 0.047475961538461536 0.15384615384615385
32 0.6394230769230769 0.0811965811965812 0.047475961538461536 0.11217948717948718
33 0.5024038461538461 0.08974358974358974 0.043870192307692304 0.08547008547008547
1 0.4543269230769231 0.08974358974358974 0.034254807692307696 0.08547008547008547
33 0.5504807692307693 0.08974358974358974 0.04807692307692308 0.09294871794871795
94 0.5913461538461539 0.09829059829059829 0.07632211538461539 0.10256410256410256