41 0.28846153846153844 0.1072961373390558 0.04807692307692308 0.18025751072961374
83 0.4326923076923077 0.2832618025751073 0.07632211538461539 0.17060085836909872
117 0.4951923076923077 0.30042918454935624 0.07752403846153846 0.13733905579399142
62 0.30528846153846156 0.04291845493562232 0.04807692307692308 0.08583690987124463
2 0.35336538461538464 0.06866952789699571 0.04266826923076923 0.13626609442060086
57 0.39903846153846156 0.06866952789699571 0.0390625 0.10193133047210301
15 0.4639423076923077 0.13304721030042918 0.04266826923076923 0.10300429184549356
107 0.49038461538461536 0.18025751072961374 0.04807692307692308 0.10300429184549356
86 0.6370192307692307 0.11158798283261803 0.05228365384615385 0.1555793991416309
4 0.5841346153846154 0.06866952789699571 0.04807692307692308 0.10193133047210301
83 0.5336538461538461 0.06866952789699571 0.0625 0.10300429184549356
56 0.49278846153846156 0.06866952789699571 0.061899038461538464 0.0944206008583691