118 0.3317307692307692 0.19313304721030042 0.052884615384615384 0.14699570815450644
9 0.3894230769230769 0.19742489270386265 0.04326923076923077 0.12875536480686695
117 0.44471153846153844 0.19313304721030042 0.06310096153846154 0.1459227467811159
83 0.5072115384615384 0.1888412017167382 0.061899038461538464 0.15450643776824036
41 0.36778846153846156 0.12875536480686695 0.05228365384615385 0.13626609442060086
76 0.6899038461538461 0.07725321888412018 0.038461538461538464 0.12017167381974249
9 0.6418269230769231 0.08583690987124463 0.038461538461538464 0.10407725321888411
57 0.5985576923076923 0.09012875536480687 0.04326923076923077 0.09334763948497854
107 0.5528846153846154 0.0944206008583691 0.04807692307692308 0.0944206008583691
118 0.41586538461538464 0.09012875536480687 0.03365384615384615 0.08583690987124463
36 0.4543269230769231 0.0815450643776824 0.038461538461538464 0.07725321888412018
117 0.5072115384615384 0.0815450643776824 0.07211538461538461 0.07618025751072961