34 0.5504807692307693 0.09012875536480687 0.038461538461538464 0.0944206008583691
29 0.6322115384615384 0.296137339055794 0.057692307692307696 0.15450643776824036
88 0.5072115384615384 0.2918454935622318 0.061899038461538464 0.13841201716738197
113 0.6370192307692307 0.07725321888412018 0.052884615384615384 0.12124463519313304
19 0.36538461538461536 0.06866952789699571 0.04326923076923077 0.10407725321888411
19 0.31971153846153844 0.07296137339055794 0.04266826923076923 0.11266094420600858
79 0.43990384615384615 0.296137339055794 0.0625 0.1298283261802575
95 0.5625 0.31759656652360513 0.052884615384615384 0.12875536480686695
52 0.5961538461538461 0.08583690987124463 0.04807692307692308 0.11909871244635194
34 0.6899038461538461 0.09871244635193133 0.05228365384615385 0.12017167381974249
116 0.6923076923076923 0.2918454935622318 0.05709134615384615 0.1459227467811159