116 0.7211538461538461 0.2972972972972973 0.048677884615384616 0.14575289575289574
29 0.6466346153846154 0.28957528957528955 0.052884615384615384 0.1303088803088803
140 0.44471153846153844 0.2972972972972973 0.05228365384615385 0.1611969111969112
89 0.3798076923076923 0.305019305019305 0.05829326923076923 0.10038610038610038
88 0.5144230769230769 0.2972972972972973 0.05829326923076923 0.15444015444015444
95 0.5817307692307693 0.3281853281853282 0.057692307692307696 0.13127413127413126
28 0.30528846153846156 0.08108108108108109 0.04807692307692308 0.07046332046332046
113 0.3605769230769231 0.07335907335907337 0.057692307692307696 0.1167953667953668
55 0.6682692307692307 0.07335907335907337 0.0390625 0.07722007722007722
55 0.7235576923076923 0.07722007722007722 0.043870192307692304 0.08494208494208494
27 0.5144230769230769 0.08108108108108109 0.04807692307692308 0.09266409266409266
88 0.5745192307692307 0.08108108108108109 0.061899038461538464 0.09266409266409266
113 0.4326923076923077 0.0888030888030888 0.06790865384615384 0.09942084942084942
116 0.6201923076923077 0.08108108108108109 0.03786057692307692 0.0859073359073359