43 0.7596153846153846 0.6051502145922747 0.14362980769230768 0.26609442060085836
38 0.27884615384615385 0.6824034334763949 0.057692307692307696 0.17167381974248927
38 0.34134615384615385 0.6781115879828327 0.05709134615384615 0.1888412017167382
99 0.4110576923076923 0.6781115879828327 0.0811298076923077 0.19742489270386265
72 0.5408653846153846 0.7081545064377682 0.1484375 0.25
72 0.6057692307692307 0.7253218884120172 0.11057692307692307 0.21566523605150215
5 0.6658653846153846 0.6866952789699571 0.07271634615384616 0.17060085836909872
164 0.40865384615384615 0.4892703862660944 0.10096153846153846 0.17274678111587982
111 0.27403846153846156 0.4978540772532189 0.0625 0.1555793991416309
99 0.31490384615384615 0.38626609442060084 0.07271634615384616 0.22424892703862662
106 0.36538461538461536 0.38626609442060084 0.028245192307692308 0.06759656652360516