94 0.6274038461538461 0.15057915057915058 0.07151442307692307 0.12355212355212356
95 0.6923076923076923 0.16602316602316602 0.048677884615384616 0.1167953667953668
93 0.7307692307692307 0.07335907335907337 0.04807692307692308 0.14671814671814673
93 0.3076923076923077 0.138996138996139 0.05829326923076923 0.15444015444015444
61 0.375 0.138996138996139 0.04807692307692308 0.1554054054054054
91 0.46634615384615385 0.1891891891891892 0.048677884615384616 0.13127413127413126
156 0.5336538461538461 0.17374517374517376 0.06670673076923077 0.14671814671814673
10 0.5384615384615384 0.32432432432432434 0.057692307692307696 0.15347490347490347
32 0.6754807692307693 0.07335907335907337 0.04326923076923077 0.10135135135135136
94 0.625 0.07335907335907337 0.052884615384615384 0.06853281853281853
33 0.5721153846153846 0.08494208494208494 0.04807692307692308 0.08494208494208494
33 0.5216346153846154 0.07722007722007722 0.043870192307692304 0.06177606177606178
1 0.46875 0.08494208494208494 0.05228365384615385 0.09362934362934362
1 0.41346153846153844 0.08494208494208494 0.04326923076923077 0.0916988416988417
9 0.3605769230769231 0.06563706563706563 0.048677884615384616 0.1167953667953668
10 0.30528846153846156 0.07335907335907337 0.05228365384615385 0.06853281853281853