25 0.6442307692307693 0.13304721030042918 0.03786057692307692 0.1276824034334764
57 0.36778846153846156 0.13304721030042918 0.04326923076923077 0.11158798283261803
57 0.31971153846153844 0.07725321888412018 0.04326923076923077 0.10300429184549356
117 0.4495192307692308 0.18025751072961374 0.0673076923076923 0.15450643776824036
83 0.5048076923076923 0.18025751072961374 0.05829326923076923 0.15450643776824036
36 0.6033653846153846 0.0815450643776824 0.052884615384615384 0.10300429184549356
117 0.5528846153846154 0.0815450643776824 0.07211538461538461 0.10300429184549356
36 0.6947115384615384 0.05150214592274678 0.034254807692307696 0.0944206008583691
22 0.6466346153846154 0.06437768240343347 0.05228365384615385 0.08583690987124463
51 0.46153846153846156 0.06866952789699571 0.03365384615384615 0.06974248927038626
16 0.5048076923076923 0.07725321888412018 0.019230769230769232 0.07725321888412018