29 0.3557692307692308 0.2996389891696751 0.05829326923076923 0.1371841155234657
92 0.5697115384615384 0.3140794223826715 0.05348557692307692 0.12364620938628158
114 0.6586538461538461 0.1407942238267148 0.048677884615384616 0.11552346570397112
116 0.2956730769230769 0.18411552346570398 0.05228365384615385 0.13628158844765342
55 0.33653846153846156 0.09025270758122744 0.048677884615384616 0.09296028880866426
49 0.28365384615384615 0.09747292418772563 0.048677884615384616 0.09476534296028881
49 0.46634615384615385 0.1444043321299639 0.057692307692307696 0.10830324909747292
64 0.4230769230769231 0.296028880866426 0.05709134615384615 0.14350180505415164
4 0.6057692307692307 0.09025270758122744 0.048677884615384616 0.09386281588447654
4 0.3870192307692308 0.09025270758122744 0.05348557692307692 0.09386281588447654
109 0.2668269230769231 0.17328519855595667 0.043870192307692304 0.07942238267148015