114 0.29086538461538464 0.5793991416309013 0.052884615384615384 0.16416309012875535
109 0.36778846153846156 0.6008583690987125 0.061899038461538464 0.11158798283261803
135 0.4375 0.5708154506437768 0.06670673076923077 0.16416309012875535
75 0.5024038461538461 0.5793991416309013 0.061899038461538464 0.14699570815450644
73 0.6009615384615384 0.37339055793991416 0.057692307692307696 0.1276824034334764
112 0.6634615384615384 0.3776824034334764 0.04807692307692308 0.15450643776824036
133 0.45913461538461536 0.38626609442060084 0.13942307692307693 0.18025751072961374
117 0.5120192307692307 0.2875536480686695 0.06310096153846154 0.12017167381974249
90 0.47115384615384615 0.21030042918454936 0.038461538461538464 0.12875536480686695
115 0.5360576923076923 0.2145922746781116 0.043870192307692304 0.1555793991416309
69 0.4182692307692308 0.13733905579399142 0.04807692307692308 0.17060085836909872
118 0.4735576923076923 0.12017167381974249 0.04326923076923077 0.12875536480686695
84 0.35096153846153844 0.38197424892703863 0.0673076923076923 0.1298283261802575
103 0.20432692307692307 0.7253218884120172 0.07151442307692307 0.13733905579399142
42 0.2764423076923077 0.7424892703862661 0.0673076923076923 0.12875536480686695
18 0.5673076923076923 0.1888412017167382 0.038461538461538464 0.10193133047210301
97 0.5072115384615384 0.18025751072961374 0.043870192307692304 0.07725321888412018
92 0.44471153846153844 0.20600858369098712 0.04266826923076923 0.11158798283261803