25 0.5024038461538461 0.1759656652360515 0.04807692307692308 0.1276824034334764
32 0.4375 0.30472103004291845 0.052884615384615384 0.14699570815450644
10 0.34615384615384615 0.06866952789699571 0.038461538461538464 0.11158798283261803
1 0.30288461538461536 0.055793991416309016 0.04326923076923077 0.11051502145922747
30 0.4014423076923077 0.06437768240343347 0.06310096153846154 0.09549356223175966
94 0.6394230769230769 0.13733905579399142 0.07692307692307693 0.15343347639484978
51 0.5721153846153846 0.2918454935622318 0.05709134615384615 0.12017167381974249
95 0.5024038461538461 0.31759656652360513 0.057692307692307696 0.13626609442060086
31 0.5384615384615384 0.07296137339055794 0.029447115384615384 0.0944206008583691
96 0.5841346153846154 0.060085836909871244 0.052884615384615384 0.10193133047210301
35 0.49278846153846156 0.06866952789699571 0.04807692307692308 0.10193133047210301
4 0.6802884615384616 0.06437768240343347 0.061899038461538464 0.09549356223175966
4 0.625 0.060085836909871244 0.05709134615384615 0.10300429184549356