12 0.43855421686746987 0.3212996389891697 0.12530120481927712 0.12274368231046931
14 0.5807228915662651 0.3104693140794224 0.06265060240963856 0.13086642599277978
84 0.6698795180722892 0.24187725631768953 0.07650602409638554 0.12184115523465704
3 0.672289156626506 0.1407942238267148 0.05240963855421687 0.09386281588447654
54 0.37349397590361444 0.18772563176895307 0.05783132530120482 0.14530685920577618
73 0.44096385542168676 0.20216606498194944 0.05301204819277108 0.1588447653429603
112 0.5108433734939759 0.18411552346570398 0.06265060240963856 0.1371841155234657
116 0.5397590361445783 0.13357400722021662 0.05301204819277108 0.1371841155234657
12 0.5734939759036145 0.09025270758122744 0.058433734939759036 0.10108303249097472
109 0.619277108433735 0.10108303249097472 0.05240963855421687 0.07220216606498195
14 0.5084337349397591 0.07942238267148015 0.04397590361445783 0.07942238267148015