31 0.43028846153846156 0.3212996389891697 0.04807692307692308 0.10108303249097472
15 0.5336538461538461 0.1407942238267148 0.04807692307692308 0.12184115523465704
36 0.6610576923076923 0.148014440433213 0.057692307692307696 0.08664259927797834
91 0.6442307692307693 0.296028880866426 0.07632211538461539 0.1164259927797834
80 0.5072115384615384 0.2888086642599278 0.0673076923076923 0.15974729241877256
82 0.2692307692307692 0.1371841155234657 0.05709134615384615 0.1444043321299639
33 0.34375 0.09025270758122744 0.0625 0.10108303249097472
56 0.6658653846153846 0.09025270758122744 0.0625 0.10108303249097472
78 0.2860576923076923 0.3176895306859206 0.05348557692307692 0.1371841155234657
30 0.39903846153846156 0.08664259927797834 0.048677884615384616 0.08754512635379061
18 0.5048076923076923 0.09747292418772563 0.0390625 0.10108303249097472
4 0.5552884615384616 0.09025270758122744 0.05228365384615385 0.09296028880866426
45 0.6105769230769231 0.09025270758122744 0.048677884615384616 0.08032490974729242
36 0.7163461538461539 0.07581227436823104 0.03365384615384615 0.06588447653429604
50 0.28846153846153844 0.07581227436823104 0.04326923076923077 0.09296028880866426
43 0.44711538461538464 0.07220216606498195 0.0390625 0.07942238267148015