41 0.6586538461538461 0.6781115879828327 0.0625 0.15450643776824036
72 0.5216346153846154 0.6995708154506438 0.12980769230769232 0.24034334763948498
164 0.5985576923076923 0.34763948497854075 0.13942307692307693 0.22317596566523606
106 0.47836538461538464 0.3562231759656652 0.0673076923076923 0.14484978540772533
111 0.47115384615384615 0.49356223175965663 0.0625 0.14699570815450644
99 0.3125 0.38197424892703863 0.07752403846153846 0.22317596566523606
99 0.21153846153846154 0.6437768240343348 0.08173076923076923 0.23927038626609443
38 0.2764423076923077 0.6609442060085837 0.057692307692307696 0.20600858369098712
38 0.34375 0.6652360515021459 0.06310096153846154 0.1984978540772532
42 0.2932692307692308 0.5793991416309013 0.04326923076923077 0.06866952789699571
65 0.6033653846153846 0.6652360515021459 0.0811298076923077 0.18025751072961374
5 0.7235576923076923 0.6738197424892703 0.07692307692307693 0.15450643776824036