47 0.30528846153846156 0.38267148014440433 0.10096153846153846 0.157942238267148
158 0.3894230769230769 0.36101083032490977 0.048677884615384616 0.16606498194945848
75 0.5408653846153846 0.11913357400722022 0.061899038461538464 0.10740072202166065
109 0.6009615384615384 0.1552346570397112 0.057692307692307696 0.10108303249097472
74 0.5384615384615384 0.24187725631768953 0.057692307692307696 0.1299638989169675
84 0.6418269230769231 0.2996389891696751 0.04807692307692308 0.10830324909747292
54 0.6129807692307693 0.37184115523465705 0.04807692307692308 0.1299638989169675
76 0.33413461538461536 0.5848375451263538 0.0625 0.1444043321299639
76 0.5817307692307693 0.5740072202166066 0.05829326923076923 0.15162454873646208
16 0.6802884615384616 0.6931407942238267 0.04326923076923077 0.10108303249097472
16 0.7524038461538461 0.6931407942238267 0.04807692307692308 0.10830324909747292
78 0.5384615384615384 0.37906137184115524 0.047475961538461536 0.1299638989169675
112 0.5745192307692307 0.2996389891696751 0.04807692307692308 0.12274368231046931
73 0.5048076923076923 0.3104693140794224 0.04807692307692308 0.12274368231046931
138 0.46634615384615385 0.34296028880866425 0.047475961538461536 0.16696750902527077
72 0.4206730769230769 0.2996389891696751 0.07692307692307693 0.09476534296028881
47 0.16105769230769232 0.7256317689530686 0.10576923076923077 0.15162454873646208
114 0.6634615384615384 0.13357400722021662 0.04807692307692308 0.12364620938628158
74 0.7211538461538461 0.09025270758122744 0.047475961538461536 0.12184115523465704
14 0.6682692307692307 0.08303249097472924 0.05709134615384615 0.07851985559566788
54 0.2956730769230769 0.09386281588447654 0.043870192307692304 0.10198555956678701
54 0.34134615384615385 0.09025270758122744 0.038461538461538464 0.09476534296028881
12 0.3942307692307692 0.10830324909747292 0.06670673076923077 0.08574007220216606
12 0.4567307692307692 0.10469314079422383 0.0673076923076923 0.07851985559566788
42 0.5576923076923077 0.09025270758122744 0.029447115384615384 0.05776173285198556