25 0.5240384615384616 0.2017167381974249 0.04807692307692308 0.1276824034334764
32 0.46153846153846156 0.3261802575107296 0.052884615384615384 0.15343347639484978
10 0.3701923076923077 0.09012875536480687 0.038461538461538464 0.11266094420600858
1 0.3245192307692308 0.07296137339055794 0.04326923076923077 0.12017167381974249
30 0.4254807692307692 0.08583690987124463 0.06310096153846154 0.10193133047210301
94 0.6634615384615384 0.15879828326180256 0.07692307692307693 0.14699570815450644
51 0.5961538461538461 0.31759656652360513 0.05709134615384615 0.12017167381974249
95 0.5264423076923077 0.34334763948497854 0.057692307692307696 0.13626609442060086
31 0.5625 0.0944206008583691 0.029447115384615384 0.10193133047210301
96 0.6081730769230769 0.08583690987124463 0.052884615384615384 0.10193133047210301
35 0.5168269230769231 0.09012875536480687 0.04807692307692308 0.09549356223175966
4 0.7043269230769231 0.08583690987124463 0.061899038461538464 0.10193133047210301
4 0.6490384615384616 0.0815450643776824 0.05709134615384615 0.10300429184549356