153 0.31490384615384615 0.28957528957528955 0.07271634615384616 0.20752895752895753
95 0.4423076923076923 0.3359073359073359 0.057692307692307696 0.11583011583011583
154 0.6033653846153846 0.138996138996139 0.061899038461538464 0.16216216216216217
156 0.5144230769230769 0.1891891891891892 0.10096153846153846 0.17664092664092665
61 0.35336538461538464 0.13127413127413126 0.052884615384615384 0.13803088803088803
91 0.28125 0.07722007722007722 0.0625 0.13127413127413126
69 0.6658653846153846 0.13513513513513514 0.05348557692307692 0.14671814671814673
70 0.33653846153846156 0.08108108108108109 0.047475961538461536 0.11583011583011583
61 0.7043269230769231 0.08108108108108109 0.04326923076923077 0.11486486486486487
1 0.6490384615384616 0.0888030888030888 0.038461538461538464 0.0859073359073359
70 0.5264423076923077 0.2857142857142857 0.0907451923076923 0.12258687258687259