72 0.5216346153846154 0.4592274678111588 0.11538461538461539 0.21351931330472104
159 0.3245192307692308 0.38197424892703863 0.09194711538461539 0.2575107296137339
164 0.7139423076923077 0.40772532188841204 0.1388221153846154 0.24892703862660945
41 0.75 0.6866952789699571 0.08713942307692307 0.13841201716738197
41 0.6754807692307693 0.6866952789699571 0.0673076923076923 0.15343347639484978
47 0.6129807692307693 0.6909871244635193 0.09134615384615384 0.1984978540772532
38 0.28846153846153844 0.6652360515021459 0.07211538461538461 0.20600858369098712
38 0.3557692307692308 0.6695278969957081 0.0673076923076923 0.20600858369098712
106 0.5913461538461539 0.4291845493562232 0.05829326923076923 0.1630901287553648
179 0.4543269230769231 0.44635193133047213 0.057692307692307696 0.10300429184549356
42 0.30528846153846156 0.575107296137339 0.04807692307692308 0.10193133047210301