67 0.27403846153846156 0.575107296137339 0.04807692307692308 0.1459227467811159
97 0.31971153846153844 0.4892703862660944 0.04807692307692308 0.15343347639484978
31 0.3485576923076923 0.6051502145922747 0.04807692307692308 0.12017167381974249
80 0.3870192307692308 0.4978540772532189 0.05348557692307692 0.18025751072961374
95 0.46153846153846156 0.5364806866952789 0.06670673076923077 0.15450643776824036
3 0.5673076923076923 0.592274678111588 0.05709134615384615 0.10193133047210301
114 0.7067307692307693 0.5836909871244635 0.052884615384615384 0.12124463519313304
93 0.5649038461538461 0.41201716738197425 0.057692307692307696 0.1888412017167382
117 0.5 0.2918454935622318 0.07632211538461539 0.1630901287553648
9 0.40865384615384615 0.12446351931330472 0.047475961538461536 0.1298283261802575
92 0.4326923076923077 0.1888412017167382 0.04807692307692308 0.12124463519313304
118 0.46153846153846156 0.11158798283261803 0.047475961538461536 0.12875536480686695
97 0.49278846153846156 0.1630901287553648 0.04807692307692308 0.08690987124463519
67 0.20192307692307693 0.703862660944206 0.04807692307692308 0.0944206008583691
18 0.2620192307692308 0.7167381974248928 0.038461538461538464 0.12017167381974249
18 0.3269230769230769 0.721030042918455 0.03786057692307692 0.11909871244635194
31 0.4543269230769231 0.6952789699570815 0.04807692307692308 0.11158798283261803
48 0.5192307692307693 0.7253218884120172 0.052884615384615384 0.10300429184549356
14 0.5841346153846154 0.7167381974248928 0.052884615384615384 0.1459227467811159
14 0.6466346153846154 0.7167381974248928 0.04807692307692308 0.15450643776824036
48 0.7139423076923077 0.7253218884120172 0.05348557692307692 0.11051502145922747
29 0.30288461538461536 0.07725321888412018 0.03786057692307692 0.10407725321888411
29 0.35096153846153844 0.07725321888412018 0.04326923076923077 0.10407725321888411
54 0.5264423076923077 0.21888412017167383 0.043870192307692304 0.14484978540772533
78 0.5552884615384616 0.1759656652360515 0.05228365384615385 0.11051502145922747
120 0.5192307692307693 0.12446351931330472 0.0390625 0.09549356223175966
9 0.49278846153846156 0.07725321888412018 0.024639423076923076 0.08583690987124463
57 0.5384615384615384 0.0815450643776824 0.029447115384615384 0.07618025751072961
57 0.5817307692307693 0.08583690987124463 0.03786057692307692 0.08583690987124463