73 0.38461538461538464 0.33476394849785407 0.048677884615384616 0.13733905579399142
31 0.3701923076923077 0.0944206008583691 0.04326923076923077 0.10193133047210301
36 0.47836538461538464 0.1459227467811159 0.04266826923076923 0.07725321888412018
68 0.5649038461538461 0.30472103004291845 0.05228365384615385 0.12017167381974249
8 0.41586538461538464 0.09012875536480687 0.038461538461538464 0.07725321888412018
98 0.44711538461538464 0.296137339055794 0.052884615384615384 0.1888412017167382
92 0.5048076923076923 0.30472103004291845 0.0390625 0.1459227467811159
179 0.5649038461538461 0.21030042918454936 0.04326923076923077 0.10300429184549356
77 0.53125 0.1459227467811159 0.04266826923076923 0.11158798283261803
16 0.5889423076923077 0.15450643776824036 0.038461538461538464 0.10300429184549356
96 0.6442307692307693 0.0815450643776824 0.048677884615384616 0.11266094420600858
14 0.4639423076923077 0.09871244635193133 0.043870192307692304 0.10300429184549356