94 0.6153846153846154 0.14671814671814673 0.0673076923076923 0.12258687258687259
95 0.6778846153846154 0.16216216216216217 0.048677884615384616 0.11583011583011583
93 0.7163461538461539 0.0694980694980695 0.04807692307692308 0.138996138996139
93 0.30288461538461536 0.13513513513513514 0.057692307692307696 0.1476833976833977
61 0.3701923076923077 0.13513513513513514 0.04807692307692308 0.15444015444015444
91 0.45913461538461536 0.18532818532818532 0.05228365384615385 0.12451737451737452
156 0.5240384615384616 0.16988416988416988 0.06670673076923077 0.14671814671814673
10 0.5288461538461539 0.3166023166023166 0.057692307692307696 0.14671814671814673
32 0.6634615384615384 0.0694980694980695 0.04326923076923077 0.10038610038610038
94 0.6153846153846154 0.07335907335907337 0.052884615384615384 0.06853281853281853
33 0.5625 0.08108108108108109 0.04807692307692308 0.08397683397683398
33 0.5120192307692307 0.07722007722007722 0.04326923076923077 0.06177606177606178
1 0.45913461538461536 0.08108108108108109 0.04807692307692308 0.09266409266409266
1 0.40625 0.08108108108108109 0.04266826923076923 0.0859073359073359
9 0.35336538461538464 0.06177606177606178 0.04807692307692308 0.11583011583011583
10 0.3004807692307692 0.0694980694980695 0.05228365384615385 0.06274131274131274