12 0.43509615384615385 0.3249097472924188 0.125 0.12274368231046931
14 0.5721153846153846 0.3140794223826715 0.0625 0.13628158844765342
84 0.6610576923076923 0.24548736462093862 0.07271634615384616 0.1164259927797834
3 0.6634615384615384 0.148014440433213 0.04807692307692308 0.09296028880866426
54 0.3701923076923077 0.19133574007220217 0.05709134615384615 0.15072202166064982
73 0.43509615384615385 0.20938628158844766 0.052884615384615384 0.157942238267148
112 0.5048076923076923 0.18772563176895307 0.0625 0.1371841155234657
116 0.5336538461538461 0.1407942238267148 0.048677884615384616 0.13628158844765342
12 0.5673076923076923 0.09747292418772563 0.05829326923076923 0.10108303249097472
109 0.6129807692307693 0.10830324909747292 0.05228365384615385 0.07220216606498195
14 0.5024038461538461 0.08303249097472924 0.043870192307692304 0.07942238267148015