0 0.14423076923076922 0.8618181818181818 0.18209134615384615 0.2690909090909091
42 0.2764423076923077 0.8690909090909091 0.09615384615384616 0.16818181818181818
61 0.4014423076923077 0.8545454545454545 0.0907451923076923 0.2109090909090909
69 0.5384615384615384 0.8290909090909091 0.10096153846153846 0.27636363636363637
91 0.2860576923076923 0.6181818181818182 0.125 0.22545454545454546
78 0.46875 0.5054545454545455 0.09194711538461539 0.25545454545454543
98 0.5288461538461539 0.3927272727272727 0.09134615384615384 0.29
51 0.6418269230769231 0.39636363636363636 0.10096153846153846 0.12454545454545454
35 0.18269230769230768 0.1781818181818182 0.0967548076923077 0.15181818181818182
77 0.27884615384615385 0.16363636363636364 0.0859375 0.17454545454545456
98 0.5769230769230769 0.16727272727272727 0.09615384615384616 0.18818181818181817
53 0.6826923076923077 0.16727272727272727 0.08653846153846154 0.20272727272727273
137 0.7860576923076923 0.12 0.09134615384615384 0.2390909090909091
118 0.9110576923076923 0.8472727272727273 0.1015625 0.1890909090909091
35 0.7740384615384616 0.8581818181818182 0.13401442307692307 0.16090909090909092
10 0.8221153846153846 0.2727272727272727 0.10576923076923077 0.18181818181818182
37 0.4543269230769231 0.09454545454545454 0.06310096153846154 0.14545454545454545
51 0.6129807692307693 0.09090909090909091 0.05348557692307692 0.1390909090909091
15 0.7019230769230769 0.09454545454545454 0.07752403846153846 0.10909090909090909
17 0.8557692307692307 0.09090909090909091 0.04326923076923077 0.13818181818181818