0 0.13942307692307693 0.8631386861313869 0.18269230769230768 0.2737226277372263
42 0.27163461538461536 0.8722627737226277 0.09615384615384616 0.1687956204379562
61 0.39903846153846156 0.8540145985401459 0.08713942307692307 0.21806569343065693
69 0.5360576923076923 0.8284671532846716 0.1015625 0.28375912408759124
91 0.28125 0.6131386861313869 0.125 0.23266423357664234
78 0.46875 0.5 0.09615384615384616 0.26277372262773724
98 0.5288461538461539 0.38686131386861317 0.09555288461538461 0.291970802919708
51 0.6442307692307693 0.3905109489051095 0.10516826923076923 0.13138686131386862
35 0.1778846153846154 0.16423357664233576 0.10096153846153846 0.15328467153284672
77 0.2764423076923077 0.14963503649635038 0.08653846153846154 0.18156934306569342
98 0.5769230769230769 0.15328467153284672 0.0967548076923077 0.1897810218978102
53 0.6826923076923077 0.15328467153284672 0.08713942307692307 0.20437956204379562
137 0.7884615384615384 0.11313868613138686 0.09134615384615384 0.22536496350364962
118 0.9158653846153846 0.8467153284671532 0.10576923076923077 0.1906934306569343
35 0.7764423076923077 0.8576642335766423 0.1346153846153846 0.1678832116788321
10 0.8269230769230769 0.26277372262773724 0.1063701923076923 0.18886861313868614
37 0.4519230769230769 0.08029197080291971 0.06670673076923077 0.145985401459854
51 0.6129807692307693 0.07664233576642336 0.05348557692307692 0.1395985401459854
15 0.7043269230769231 0.08029197080291971 0.0811298076923077 0.11587591240875912
17 0.8605769230769231 0.07664233576642336 0.047475961538461536 0.1395985401459854