0 0.13942307692307693 0.8631386861313869 0.18269230769230768 0.2737226277372263
42 0.27163461538461536 0.8722627737226277 0.09615384615384616 0.1687956204379562
61 0.39903846153846156 0.8576642335766423 0.08713942307692307 0.2125912408759124
69 0.5384615384615384 0.8321167883211679 0.10516826923076923 0.2782846715328467
91 0.28365384615384615 0.6131386861313869 0.125 0.23266423357664234
78 0.46875 0.5 0.09615384615384616 0.26277372262773724
98 0.5288461538461539 0.38686131386861317 0.09555288461538461 0.291970802919708
51 0.6442307692307693 0.3905109489051095 0.10516826923076923 0.13138686131386862
35 0.1778846153846154 0.16423357664233576 0.10096153846153846 0.15328467153284672
77 0.2764423076923077 0.15328467153284672 0.08653846153846154 0.1760948905109489
98 0.5769230769230769 0.15693430656934307 0.0967548076923077 0.1897810218978102
53 0.6850961538461539 0.15693430656934307 0.0907451923076923 0.20437956204379562
137 0.7884615384615384 0.11313868613138686 0.09134615384615384 0.22627737226277372
118 0.9158653846153846 0.8503649635036497 0.10576923076923077 0.19616788321167883
35 0.7788461538461539 0.8576642335766423 0.1346153846153846 0.1678832116788321
10 0.8269230769230769 0.26277372262773724 0.1063701923076923 0.18886861313868614
37 0.4519230769230769 0.08394160583941605 0.06670673076923077 0.145985401459854
51 0.6153846153846154 0.07664233576642336 0.05709134615384615 0.1395985401459854
15 0.7043269230769231 0.08029197080291971 0.0811298076923077 0.11587591240875912
17 0.8629807692307693 0.08029197080291971 0.043870192307692304 0.14507299270072993