145 0.5841346153846154 0.2837370242214533 0.10036057692307693 0.19377162629757785
168 0.7620192307692307 0.1522491349480969 0.07692307692307693 0.17993079584775087
142 0.31490384615384615 0.10034602076124567 0.08173076923076923 0.18598615916955016
169 0.21153846153846154 0.25951557093425603 0.07632211538461539 0.22837370242214533
60 0.18990384615384615 0.7231833910034602 0.20673076923076922 0.2560553633217993
61 0.8798076923076923 0.7162629757785467 0.07632211538461539 0.19377162629757785
118 0.6538461538461539 0.7301038062283737 0.07692307692307693 0.1453287197231834
35 0.4254807692307692 0.740484429065744 0.10576923076923077 0.12370242214532871
42 0.31490384615384615 0.7439446366782007 0.09615384615384616 0.1522491349480969
91 0.3125 0.5363321799307958 0.09555288461538461 0.18598615916955016
18 0.38461538461538464 0.4359861591695502 0.08653846153846154 0.20069204152249134
161 0.4014423076923077 0.28719723183391005 0.125 0.1046712802768166
69 0.14903846153846154 0.5709342560553633 0.08173076923076923 0.11764705882352941
2 0.2956730769230769 0.2629757785467128 0.07692307692307693 0.1513840830449827
2 0.84375 0.04844290657439446 0.06310096153846154 0.09688581314878893