145 0.5793269230769231 0.2916666666666667 0.10096153846153846 0.2013888888888889
168 0.7620192307692307 0.1597222222222222 0.0811298076923077 0.1814236111111111
142 0.30288461538461536 0.10416666666666667 0.0859375 0.1875
169 0.19471153846153846 0.2673611111111111 0.07692307692307693 0.2300347222222222
60 0.17307692307692307 0.7465277777777778 0.21153846153846154 0.2638888888888889
61 0.8798076923076923 0.7395833333333334 0.07692307692307693 0.20052083333333334
118 0.6490384615384616 0.7534722222222222 0.07752403846153846 0.1467013888888889
35 0.41586538461538464 0.7638888888888888 0.10997596153846154 0.125
42 0.3004807692307692 0.7673611111111112 0.10036057692307693 0.15885416666666666
91 0.2980769230769231 0.5555555555555556 0.09615384615384616 0.1935763888888889
18 0.37259615384615385 0.4479166666666667 0.0907451923076923 0.20225694444444445
161 0.3894230769230769 0.2951388888888889 0.12560096153846154 0.1111111111111111
69 0.13221153846153846 0.5868055555555556 0.08173076923076923 0.11805555555555555
2 0.28365384615384615 0.2743055555555556 0.07752403846153846 0.1527777777777778
2 0.84375 0.052083333333333336 0.0673076923076923 0.10416666666666667