145 0.5961538461538461 0.28027681660899656 0.10096153846153846 0.19982698961937717
168 0.7788461538461539 0.14878892733564014 0.07692307692307693 0.18598615916955016
142 0.3245192307692308 0.09688581314878893 0.08233173076923077 0.18079584775086505
169 0.21875 0.2560553633217993 0.07271634615384616 0.23442906574394465
60 0.19471153846153846 0.726643598615917 0.20733173076923078 0.2629757785467128
61 0.8966346153846154 0.7231833910034602 0.07692307692307693 0.19377162629757785
118 0.6682692307692307 0.7335640138408305 0.07752403846153846 0.1513840830449827
35 0.4375 0.7474048442906575 0.10576923076923077 0.1245674740484429
42 0.3245192307692308 0.7508650519031141 0.09615384615384616 0.1522491349480969
91 0.31971153846153844 0.5397923875432526 0.09615384615384616 0.18685121107266436
18 0.3942307692307692 0.4359861591695502 0.08713942307692307 0.20674740484429066
161 0.4110576923076923 0.2837370242214533 0.12920673076923078 0.11072664359861592
69 0.15384615384615385 0.5709342560553633 0.08173076923076923 0.11764705882352941
2 0.30528846153846156 0.2629757785467128 0.07692307692307693 0.1522491349480969
2 0.8605769230769231 0.04844290657439446 0.0673076923076923 0.09602076124567474